0	1.26147e-08	2.5304e-14
0.2	2.42803e-06	1.27926e-08
0.4	1.10993e-05	2.68668e-07
0.6	0.00050052	9.9909e-06
0.8	0.0293555	0.000564938
1	0.915286	0.0279347
1.2	0.668389	0.0600068
1.4	0.715849	0.0678922
1.6	0.672935	0.0928763
1.8	0.725148	0.119834
2	0.839049	0.12961
2.2	0.951889	0.148642
2.4	0.998244	0.183894
2.6	0.906251	0.222775
2.8	1.10182	0.210877
3	0.907413	0.207774
3.2	1.01166	0.222565
3.4	1.04731	0.225062
3.6	0.944858	0.201684
3.8	0.964202	0.214594
4	1.00954	0.257781
4.2	0.989671	0.258297
4.4	1.06369	0.218335
4.6	0.9141	0.2206
4.8	0.972615	0.240048
5	0.9218	0.243807
5.2	1.03618	0.226984
5.4	0.971539	0.238858
5.6	1.0075	0.26453
5.8	0.975538	0.249603
6	0.870027	0.251472
6.2	0.9615	0.252005
6.4	0.961685	0.243416
6.6	0.998624	0.256584
6.8	1.0586	0.245106
7	0.929224	0.217093
7.2	1.08472	0.243032
7.4	0.836603	0.257918
7.6	1.01086	0.280132
7.8	0.890112	0.27896
8	0.976411	0.273599
8.2	1.08147	0.282632
8.4	0.905884	0.278263
8.6	0.926743	0.258853
8.8	0.996344	0.261773
9	1.04482	0.281905
9.2	1.0637	0.288155
9.4	0.847735	0.288797
9.6	1.05966	0.283206
9.8	0.950635	0.306572
10	0.979054	0.302098
10.2	0.975249	0.27541
10.4	0.929126	0.277712
10.6	0.95977	0.289794
10.8	1.08894	0.287039
11	0.969541	0.290431
11.2	0.993952	0.292681
11.4	0.951355	0.281094
11.6	0.997861	0.283533
11.8	0.987118	0.286682
12	0.975706	0.29193
12.2	0.937888	0.304015
12.4	0.907097	0.298389
12.6	0.960976	0.31214
12.8	1.00244	0.29854
13	1.00044	0.270637
13.2	0.913648	0.269668
13.4	0.993121	0.282921
13.6	1.06101	0.306599
13.8	1.07488	0.29592
14	0.874033	0.297748
14.2	0.948353	0.291875
14.4	0.966496	0.297728
14.6	1.00031	0.291971
14.8	1.00985	0.289734
15	0.974541	0.315882
15.2	0.878016	0.32476
15.4	0.922162	0.330876
15.6	0.960424	0.317589
15.8	0.9687	0.317795
16	1.10356	0.292442
16.2	0.906233	0.269537
16.4	0.919655	0.275951
16.6	0.975781	0.289095
16.8	0.998657	0.29438
17	1.02522	0.318213
17.2	0.995485	0.342722
17.4	0.866037	0.330289
17.6	0.958086	0.316987
17.8	1.05085	0.295156
18	1.04573	0.283017
18.2	0.930012	0.287486
18.4	0.994114	0.300542
18.6	0.932699	0.344325
18.8	1.02044	0.32419
19	1.02666	0.297447
19.2	0.997299	0.307114
19.4	0.962495	0.309538
19.6	1.01172	0.315046
19.8	0.986456	0.316286
20	0.948284	0.346906
20.2	0.880619	0.332686
20.4	0.972327	0.31177
20.6	0.915862	0.308588
20.8	0.968352	0.320245
21	1.03107	0.308898
21.2	1.00215	0.316411
21.4	0.981178	0.334713
21.6	0.912426	0.353012
21.8	0.933875	0.345163
22	0.998373	0.334131
22.2	0.992769	0.353713
22.4	1.02589	0.333686
22.6	0.975905	0.331031
22.8	1.04596	0.323782
23	0.955448	0.33516
23.2	0.957684	0.345665
23.4	1.03077	0.362124
23.6	1.10732	0.342991
23.8	1.0647	0.349189
24	0.992231	0.332667
24.2	0.987357	0.340804
24.4	1.03748	0.388668
24.6	0.853071	0.370433
24.8	0.888517	0.363647
25	0.985904	0.361296
25.2	0.943413	0.374338
25.4	0.967217	0.357196
25.6	1.11873	0.351566
25.8	1.01627	0.352993
26	1.05422	0.358017
26.2	1.00199	0.397265
26.4	1.05014	0.383806
26.6	0.97709	0.391549
26.8	1.03734	0.392761
27	1.05509	0.382151
27.2	0.935847	0.362733
27.4	0.975784	0.362995
27.6	0.959251	0.371054
27.8	1.05472	0.388818
28	1.0049	0.370341
28.2	0.952427	0.371013
28.4	1.04998	0.359684
28.6	0.945534	0.371703
28.8	0.915127	0.355438
29	1.0281	0.377107
29.2	1.04506	0.390195
29.4	1.04688	0.414032
29.6	0.979946	0.400528
29.8	0.981202	0.386379
30	0.880919	0.392104
30.2	1.11139	0.368116
30.4	1.00787	0.387885
30.6	1.04987	0.389743
30.8	0.891751	0.396472
31	0.87351	0.394442
31.2	0.998832	0.406931
31.4	1.01478	0.404514
31.6	0.97824	0.426819
31.8	0.948154	0.400843
32	0.9364	0.410473
32.2	0.857853	0.414873
32.4	0.930905	0.397255
32.6	0.985802	0.38557
32.8	0.928412	0.420326
33	0.976711	0.435567
33.2	1.04872	0.433579
33.4	1.03028	0.422809
33.6	1.01347	0.431854
33.8	0.951494	0.446574
34	1.00037	0.459632
34.2	0.998732	0.439232
34.4	0.964261	0.462019
34.6	1.0166	0.471399
34.8	1.04714	0.476229
35	1.0846	0.480902
35.2	0.922084	0.448535
35.4	0.964728	0.454183
35.6	1.05295	0.48571
35.8	0.894416	0.490084
36	1.01923	0.480334
36.2	0.997106	0.465715
36.4	0.999355	0.484043
36.6	0.9976	0.485118
36.8	1.02821	0.46574
37	0.968195	0.473235
37.2	0.953639	0.482087
37.4	0.969137	0.513149
37.6	0.967821	0.491151
37.8	0.959982	0.512466
38	1.01873	0.511281
38.2	0.962482	0.502579
38.4	0.984253	0.494458
38.6	0.99938	0.490235
38.8	0.939212	0.494954
39	1.04548	0.497611
39.2	0.984783	0.512624
39.4	1.02164	0.506124
39.6	1.01415	0.514233
39.8	0.985171	0.525826
40	0.892206	0.515579
40.2	1.01773	0.509833
40.4	1.05148	0.515568
40.6	0.842405	0.496896
40.8	0.985576	0.496873
41	0.9736	0.483669
41.2	0.982486	0.511479
41.4	0.913978	0.5223
41.6	0.982965	0.48666
41.8	1.04124	0.50728
42	1.00539	0.511032
42.2	1.08411	0.525192
42.4	0.959266	0.526145
42.6	1.00284	0.519334
42.8	1.0251	0.511991
43	0.951632	0.509976
43.2	1.01343	0.531898
43.4	0.918847	0.521718
43.6	1.02033	0.494405
43.8	0.96629	0.532389
44	0.96721	0.533352
44.2	1.01386	0.536585
44.4	1.01513	0.537485
44.6	1.00894	0.512082
44.8	0.995445	0.523031
45	1.01976	0.496659
45.2	1.05577	0.498374
45.4	1.01336	0.514428
45.6	0.950969	0.503102
45.8	0.993607	0.513926
46	0.944428	0.498494
46.2	0.995611	0.526306
46.4	1.09922	0.504016
46.6	1.03614	0.530518
46.8	1.10083	0.512959
47	1.00279	0.501138
47.2	1.0234	0.498253
47.4	0.973713	0.501659
47.6	0.921359	0.514929
47.8	1.11719	0.515804
48	1.07043	0.530936
48.2	1.15638	0.545085
48.4	1.11278	0.533426
48.6	1.06187	0.529295
48.8	0.942661	0.508413
49	1.00416	0.498841
49.2	0.983335	0.515627
49.4	0.952991	0.551083
49.6	0.931132	0.531579
49.8	1.02544	0.537198
50	1.01202	0.512571
50.2	1.01042	0.519333
50.4	1.05257	0.529979
50.6	0.934025	0.568139
50.8	1.03416	0.546959
51	0.976506	0.546013
51.2	0.963904	0.554715
51.4	0.91962	0.54731
51.6	1.00524	0.554429
51.8	1.1353	0.540443
52	0.973248	0.549735
52.2	0.95996	0.571462
52.4	1.1077	0.551914
52.6	1.01667	0.541229
52.8	0.943138	0.546383
53	1.04579	0.559865
53.2	0.976337	0.558059
53.4	0.995206	0.549219
53.6	0.946687	0.568736
53.8	1.02024	0.578963
54	0.99985	0.590972
54.2	0.898436	0.585808
54.4	0.988879	0.569461
54.6	1.05909	0.574175
54.8	1.01059	0.581526
55	0.864775	0.583451
55.2	1.06464	0.581238
55.4	0.917913	0.585944
55.6	0.901829	0.599515
55.8	0.966692	0.589059
56	0.970425	0.601289
56.2	0.967877	0.570905
56.4	1.00198	0.560074
56.6	0.990635	0.564173
56.8	0.903646	0.563998
57	0.955974	0.573905
57.2	0.961827	0.588599
57.4	0.936162	0.576855
57.6	0.881789	0.59574
57.8	0.957114	0.595836
58	0.996098	0.592303
58.2	0.910485	0.575677
58.4	1.00843	0.552627
58.6	0.997285	0.561416
58.8	0.98079	0.588811
59	0.988795	0.610931
59.2	0.918168	0.597035
59.4	0.914654	0.579596
59.6	1.01946	0.587721
59.8	1.05624	0.593054
60	0.878637	0.564508
60.2	0.949886	0.566009
60.4	0.90206	0.579079
60.6	0.962542	0.589721
60.8	0.99701	0.586587
61	1.05165	0.565481
61.2	0.866778	0.536949
61.4	0.853112	0.569312
61.6	0.983702	0.589079
61.8	1.07845	0.602356
62	0.998712	0.596352
62.2	0.964063	0.618064
62.4	1.13249	0.59312
62.6	0.925879	0.589383
62.8	0.970651	0.603872
63	0.96781	0.595487
63.2	0.990072	0.57284
63.4	0.900629	0.564667
63.6	0.982337	0.581309
63.8	0.876691	0.605885
64	1.03166	0.580703
64.2	0.937964	0.568156
64.4	1.06669	0.562629
64.6	1.0069	0.56577
64.8	0.917667	0.562234
65	0.953975	0.574944
65.2	1.04188	0.588938
65.4	1.05915	0.575586
65.6	0.995819	0.589891
65.8	1.00486	0.568836
66	0.962901	0.564586
66.2	0.864171	0.574578
66.4	1.02754	0.589197
66.6	1.03392	0.577125
66.8	1.10542	0.57868
67	1.00162	0.570359
67.2	1.07803	0.577665
67.4	0.964648	0.589242
67.6	1.00933	0.598721
67.8	0.911701	0.631933
68	1.0137	0.606856
68.2	0.887524	0.628125
68.4	0.874153	0.612642
68.6	0.924592	0.618968
68.8	1.0414	0.604595
69	0.992601	0.595157
69.2	0.941386	0.602415
69.4	0.937892	0.609827
69.6	0.977962	0.601681
69.8	0.987354	0.623272
70	0.968912	0.603407
70.2	0.993886	0.607183
70.4	0.945591	0.623327
70.6	0.869772	0.618182
70.8	0.994705	0.624486
71	0.901337	0.605756
71.2	0.979339	0.589586
71.4	0.959452	0.59256
71.6	1.02357	0.62789
71.8	0.97658	0.631862
72	0.986192	0.643763
72.2	0.947794	0.597679
72.4	0.929675	0.567668
72.6	0.867406	0.574553
72.8	0.991172	0.58002
73	0.978953	0.605359
73.2	0.983982	0.572628
73.4	0.942668	0.566659
73.6	1.10943	0.554784
73.8	0.984117	0.576213
74	1.07465	0.619551
74.2	0.987533	0.61722
74.4	0.914652	0.595715
74.6	0.885035	0.581196
74.8	1.01417	0.559698
75	1.01663	0.575504
75.2	0.895801	0.602131
75.4	0.930888	0.621051
75.6	0.977513	0.659354
75.8	1.03173	0.642211
76	0.980678	0.633406
76.2	0.914105	0.604642
76.4	0.981793	0.594779
76.6	0.942398	0.617598
76.8	0.837468	0.6269
77	1.0295	0.628741
77.2	1.07414	0.607679
77.4	0.950477	0.620194
77.6	1.0598	0.633599
77.8	1.00992	0.648867
78	0.979926	0.653047
78.2	1.10969	0.643216
78.4	0.937425	0.657791
78.6	0.992922	0.630734
78.8	0.954557	0.645113
79	0.967482	0.635736
79.2	0.988816	0.661541
79.4	1.00677	0.674954
79.6	1.00284	0.678299
79.8	1.07583	0.666856
80	0.979127	0.652821
80.2	0.952604	0.637098
80.4	1.02736	0.645296
80.6	1.09423	0.649618
80.8	1.07853	0.65368
81	0.987977	0.678592
81.2	1.03549	0.680096
81.4	1.04541	0.680259
81.6	1.06676	0.668184
81.8	1.03504	0.655417
82	0.957032	0.646768
82.2	1.03109	0.66457
82.4	1.01873	0.67387
82.6	0.967076	0.676441
82.8	0.920342	0.670575
83	1.01527	0.692258
83.2	0.938056	0.70891
83.4	0.908708	0.724106
83.6	1.05162	0.730125
83.8	1.06047	0.72687
84	0.921119	0.729247
84.2	0.992749	0.724681
84.4	0.86421	0.737598
84.6	1.09233	0.736922
84.8	1.03076	0.734353
85	1.01062	0.709653
85.2	1.01335	0.715911
85.4	1.13159	0.753742
85.6	1.00641	0.74678
85.8	1.06587	0.734467
86	0.937025	0.753257
86.2	0.925976	0.770875
86.4	1.01804	0.759228
86.6	0.972735	0.760172
86.8	0.945391	0.763718
87	1.09455	0.75856
87.2	0.995748	0.729847
87.4	0.959272	0.729171
87.6	1.00994	0.716245
87.8	0.896354	0.716603
88	1.09083	0.698413
88.2	0.859678	0.70786
88.4	0.946442	0.724351
88.6	0.802042	0.757597
88.8	0.997573	0.731298
89	1.01123	0.749393
89.2	0.918896	0.725488
89.4	0.96407	0.714972
89.6	0.998361	0.699378
89.8	0.994866	0.689692
90	0.993397	0.688048
90.2	1.00006	0.711739
90.4	1.00514	0.699985
90.6	0.926085	0.700624
90.8	1.01327	0.711758
91	0.951416	0.728103
91.2	1.00181	0.751803
91.4	0.991609	0.738218
91.6	1.05495	0.724456
91.8	0.894929	0.725106
92	0.950118	0.73457
92.2	1.04344	0.721594
92.4	1.02117	0.736506
92.6	0.882204	0.722832
92.8	1.02033	0.707332
93	1.04223	0.725349
93.2	0.964374	0.727549
93.4	1.01035	0.741484
93.6	0.923156	0.733779
93.8	1.08221	0.776349
94	0.952935	0.74104
94.2	0.992477	0.741442
94.4	0.980586	0.742404
94.6	1.02401	0.729914
94.8	1.05625	0.735788
95	0.944051	0.741971
95.2	1.04007	0.749999
95.4	0.922875	0.774684
95.6	0.988935	0.783578
95.8	0.931431	0.794662
96	0.949815	0.795397
96.2	0.883251	0.79094
96.4	0.995596	0.768991
96.6	0.937893	0.795327
96.8	1.0156	0.806999
97	1.03765	0.80847
97.2	0.934846	0.826106
97.4	0.945637	0.824314
97.6	1.10203	0.850037
97.8	1.00953	0.833678
98	0.990006	0.831614
98.2	0.949351	0.838869
98.4	0.940743	0.84956
98.6	0.948012	0.851179
98.8	1.00245	0.811217
99	0.887533	0.800022
99.2	1.00419	0.801321
99.4	0.906637	0.806
99.6	0.943697	0.837373
99.8	1.00694	0.840545
100	1.0138	0.844733
100.2	1.00652	0.853633
100.4	0.977246	0.844621
100.6	0.974255	0.87431
100.8	0.982038	0.896693
101	0.999687	0.909863
101.2	0.956497	0.907475
101.4	1.01041	0.897164
101.6	1.08657	0.869397
101.8	1.00597	0.885521
102	0.949605	0.898872
102.2	1.03843	0.909303
102.4	1.02976	0.9286
102.6	1.04116	0.919567
102.8	0.975038	0.900781
103	1.02273	0.90363
103.2	1.04182	0.910515
103.4	0.948575	0.908571
103.6	1.00129	0.898592
103.8	0.958215	0.904053
104	0.901058	0.899417
104.2	0.948978	0.896508
104.4	1.02385	0.93068
104.6	0.987859	0.964661
104.8	0.988552	0.941648
105	0.942112	0.907661
105.2	1.00317	0.913786
105.4	0.992874	0.902133
105.6	0.997165	0.915755
105.8	0.986594	0.907107
106	1.05292	0.887504
106.2	1.02484	0.872136
106.4	1.03101	0.870477
106.6	0.984476	0.874481
106.8	1.12582	0.892809
107	1.11747	0.920985
107.2	0.991555	0.898379
107.4	0.893548	0.920843
107.6	0.955244	0.905509
107.8	1.07726	0.906959
108	0.979062	0.911143
108.2	1.0607	0.900608
108.4	0.888975	0.900549
108.6	0.936253	0.884512
108.8	1.05632	0.867047
109	0.959621	0.857146
109.2	1.0058	0.846524
109.4	1.00026	0.867529
109.6	0.961863	0.916919
109.8	1.04979	0.940973
110	1.00432	0.923865
110.2	0.949604	0.931124
110.4	0.96638	0.913406
110.6	0.869909	0.920837
110.8	0.977389	0.888814
111	1.02115	0.878508
111.2	1.04778	0.891722
111.4	0.867086	0.935196
111.6	0.939448	0.87787
111.8	0.922909	0.85727
112	0.871747	0.863126
112.2	1.09621	0.867555
112.4	0.936027	0.908805
112.6	1.0261	0.942632
112.8	0.875758	0.94738
113	0.91501	0.93156
113.2	0.864876	0.904123
113.4	1.06088	0.878052
113.6	0.919265	0.860554
113.8	0.973349	0.860041
114	1.03208	0.893741
114.2	1.04199	0.912886
114.4	0.919548	0.946698
114.6	1.02688	0.940895
114.8	1.03405	0.937077
115	1.02597	0.940881
115.2	0.905536	0.938807
115.4	0.89229	0.959251
115.6	0.993538	0.977827
115.8	1.00919	0.978378
116	0.951175	0.974162
116.2	1.11628	0.977447
116.4	0.973023	0.953056
116.6	1.12251	0.922849
116.8	0.994321	0.889386
117	0.962523	0.901999
117.2	0.934116	0.924957
117.4	0.980846	0.91589
117.6	1.01429	0.892428
117.8	1.0063	0.873767
118	1.02321	0.851379
118.2	1.11466	0.84321
118.4	0.967841	0.88446
118.6	0.910386	0.897906
118.8	1.05159	0.923959
119	1.03964	0.932818
119.2	1.01497	0.925487
119.4	0.983368	0.907295
119.6	0.933729	0.882468
119.8	0.96775	0.834183
120	0.934642	0.854973
120.2	0.935274	0.859118
120.4	1.02302	0.845223
120.6	0.858435	0.895761
120.8	0.910182	0.921499
121	0.988512	0.892924
121.2	0.97985	0.835623
121.4	1.06764	0.861581
121.6	0.908376	0.892233
121.8	0.882758	0.916436
122	0.976804	0.910127
122.2	0.990935	0.894125
122.4	0.987628	0.880321
122.6	1.04293	0.897002
122.8	1.02708	0.882741
123	1.01222	0.92818
123.2	0.933335	0.948488
123.4	1.05829	0.921072
123.6	0.951119	0.897665
123.8	0.992752	0.892314
124	1.05718	0.909033
124.2	1.04599	0.90446
124.4	0.986255	0.927049
124.6	0.974208	0.927979
124.8	0.962967	0.909888
125	0.975595	0.921015
125.2	0.971096	0.89257
125.4	0.948992	0.883379
125.6	0.979072	0.936382
125.8	0.951869	0.931177
126	1.00107	0.942436
126.2	0.924462	0.907335
126.4	0.945184	0.899752
126.6	0.97274	0.929744
126.8	0.990035	0.91301
127	0.988347	0.906947
127.2	1.0137	0.937388
127.4	0.892406	0.957119
127.6	1.03668	0.952245
127.8	0.770338	0.926688
128	1.07142	0.94638
128.2	0.965037	0.941321
128.4	1.03979	0.916846
128.6	1.00652	0.906861
128.8	0.939667	0.951462
129	0.915044	0.948098
129.2	0.884456	0.978969
129.4	0.972405	0.970678
129.6	0.951997	0.938445
129.8	1.02922	0.934053
130	1.01114	0.948917
130.2	0.942932	0.976889
130.4	1.04884	0.971878
130.6	1.01916	0.974741
130.8	1.01686	0.967037
131	1.12345	0.942311
131.2	0.966155	0.950409
131.4	0.925932	0.939446
131.6	0.941138	0.955871
131.8	0.942816	0.97223
132	0.974266	0.974842
132.2	0.920981	0.972959
132.4	0.994127	0.947277
132.6	0.911836	0.929895
132.8	1.02925	0.957244
133	1.0296	0.990922
133.2	0.97374	0.974664
133.4	1.05475	0.96765
133.6	0.856002	0.958237
133.8	0.930828	0.97067
134	0.986671	0.995583
134.2	1.00284	0.968444
134.4	1.04206	0.941167
134.6	1.07269	0.961467
134.8	0.990979	0.949719
135	0.970322	0.938217
135.2	0.981595	0.97132
135.4	0.967981	0.996922
135.6	0.958438	1.01403
135.8	0.862743	0.979436
136	0.978266	0.981954
136.2	0.993475	0.994139
136.4	0.977916	0.979409
136.6	1.0313	0.990018
136.8	1.06421	0.980054
137	0.983971	1.00695
137.2	1.0083	0.990111
137.4	0.954437	0.971557
137.6	1.08341	0.962183
137.8	1.12135	0.942019
138	1.06104	0.940637
138.2	0.98156	0.933487
138.4	1.05182	0.961147
138.6	0.856169	0.982496
138.8	0.929344	1.00396
139	1.04687	1.00112
139.2	0.896882	1.00304
139.4	1.00052	0.991559
139.6	0.946691	0.960822
139.8	1.03671	0.960047
140	0.952134	0.952263
140.2	0.958403	0.982082
140.4	1.06395	0.960982
140.6	1.0138	0.984212
140.8	0.887191	0.953686
141	0.902966	0.962605
141.2	1.02812	0.987223
141.4	1.00194	0.972384
141.6	0.993267	0.977174
141.8	0.855442	0.974193
142	0.969226	0.987468
142.2	0.911532	0.948325
142.4	1.05311	0.958646
142.6	0.927493	0.999988
142.8	0.936593	0.989904
143	1.02109	0.960808
143.2	0.980648	0.966905
143.4	0.895375	0.939982
143.6	0.982793	0.974972
143.8	0.916476	0.988105
144	0.949557	0.996172
144.2	0.960042	1.02465
144.4	0.955932	1.04256
144.6	1.00536	1.03851
144.8	1.05135	1.0443
145	0.879529	1.04333
145.2	0.919196	1.03076
145.4	0.937508	0.973123
145.6	0.8496	0.975114
145.8	0.944839	0.966592
146	1.06489	0.979507
146.2	0.982528	0.995031
146.4	1.03241	1.0405
146.6	0.990136	1.0093
146.8	1.01569	1.00002
147	0.939929	0.990198
147.2	0.920134	0.992182
147.4	0.9627	1.01392
147.6	0.984573	1.00822
147.8	0.997566	0.986736
148	0.963267	0.998024
148.2	1.0152	1.00458
148.4	1.02405	1.0532
148.6	0.888416	1.0744
148.8	0.952202	1.06273
149	1.0868	1.03416
149.2	1.00499	1.02287
149.4	1.04454	1.00562
149.6	1.02209	1.03592
149.8	0.924862	1.09133
150	1.05479	1.07988
150.2	0.96495	1.04366
150.4	0.99541	1.05191
150.6	0.882638	1.06711
150.8	0.921604	1.05564
151	1.01553	1.098
151.2	0.958553	1.0819
151.4	0.970584	1.0701
151.6	0.892886	1.03835
151.8	0.942335	1.00422
152	0.950609	1.03429
152.2	0.941827	1.0634
152.4	1.01671	1.09868
152.6	1.00372	1.08648
152.8	1.00146	1.0828
153	0.985103	1.05517
153.2	0.954252	1.03598
153.4	0.991442	1.02545
153.6	1.10768	1.03763
153.8	0.974561	1.04314
154	0.900463	1.04089
154.2	1.00706	1.04313
154.4	0.889099	1.0211
154.6	0.989706	1.01403
154.8	0.94415	1.08412
155	1.02282	1.06339
155.2	0.981614	1.03488
155.4	1.01064	0.973296
155.6	0.874848	1.00189
155.8	0.911871	1.00367
156	0.996017	1.00895
156.2	0.979599	1.05754
156.4	1.01328	1.09822
156.6	0.900354	1.08969
156.8	1.07452	1.05494
157	0.961391	1.05381
157.2	0.936268	1.05173
157.4	0.987566	1.03562
157.6	1.06993	1.06538
157.8	0.924081	1.0803
158	1.0083	1.07287
158.2	1.11951	1.04161
158.4	0.971552	1.05902
158.6	1.09741	1.03416
158.8	1.01698	1.05629
159	0.99233	1.07877
159.2	1.00418	1.10969
159.4	0.996	1.08738
159.6	1.03795	1.04034
159.8	0.993001	1.05925
160	1.02928	1.07359
160.2	1.00062	1.02848
160.4	1.03036	1.05359
160.6	0.908968	1.05925
160.8	1.00852	1.04076
161	1.03334	1.04789
161.2	1.02696	1.03645
161.4	1.01408	1.04945
161.6	1.1314	1.07473
161.8	0.931596	1.05428
162	0.968174	1.05425
162.2	1.00695	1.04975
162.4	1.00395	1.06547
162.6	1.008	1.06162
162.8	1.02284	1.04815
163	1.01426	1.06011
163.2	1.07537	1.05375
163.4	1.07533	1.05078
163.6	1.10859	1.01337
163.8	0.897596	1.06514
164	1.01593	1.08693
164.2	0.990724	1.09776
164.4	0.984222	1.09822
164.6	0.920993	1.0839
164.8	1.04448	1.06078
165	1.11403	1.08558
165.2	0.951145	1.07627
165.4	0.945758	1.07704
165.6	1.03053	1.08287
165.8	0.909859	1.1124
166	1.06894	1.11508
166.2	0.90822	1.07817
166.4	0.955683	1.09969
166.6	0.961248	1.10183
166.8	0.959506	1.09848
167	0.943416	1.08192
167.2	0.975269	1.09144
167.4	1.06601	1.08888
167.6	1.01361	1.07352
167.8	0.815087	1.14385
168	0.928635	1.12088
168.2	0.946532	1.11932
168.4	1.03136	1.11829
168.6	0.918986	1.12313
168.8	1.00561	1.10943
169	1.00483	1.1464
169.2	1.03256	1.14137
169.4	0.958966	1.13379
169.6	0.898042	1.12499
169.8	0.889248	1.10421
170	0.947644	1.09381
170.2	1.00351	1.11097
170.4	1.00609	1.1323
170.6	0.942167	1.11633
170.8	0.944893	1.11979
171	0.934262	1.13928
171.2	0.974765	1.13569
171.4	0.95473	1.1306
171.6	1.03984	1.12028
171.8	1.0441	1.14092
172	0.962181	1.11613
172.2	0.979716	1.11779
172.4	0.965621	1.12213
172.6	0.968109	1.10929
172.8	1.0261	1.17905
173	0.991018	1.17066
173.2	0.933205	1.16062
173.4	0.983636	1.18385
173.6	0.974675	1.17838
173.8	1.02657	1.20708
174	0.967764	1.18783
174.2	1.00426	1.16789
174.4	0.949534	1.14808
174.6	1.05364	1.13923
174.8	1.08517	1.18255
175	1.04821	1.19157
175.2	0.98981	1.20291
175.4	1.03323	1.17412
175.6	0.964412	1.16981
175.8	0.94309	1.17348
176	0.992866	1.15669
176.2	1.0146	1.20124
176.4	1.01148	1.18444
176.6	1.00711	1.20627
176.8	1.00019	1.1987
177	0.938921	1.21031
177.2	0.954293	1.20399
177.4	1.09124	1.18769
177.6	0.997689	1.22344
177.8	0.950645	1.23359
178	0.902203	1.24589
178.2	1.0046	1.26031
178.4	0.918803	1.24314
178.6	0.988347	1.24864
178.8	0.990419	1.25486
179	0.958054	1.25968
179.2	0.998128	1.24158
179.4	0.935255	1.25569
179.6	1.01309	1.21677
179.8	1.04224	1.23736
180	2.22799	1.23467
180.2	1.61213	1.23672
180.4	1.62344	1.22479
180.6	1.71027	1.20363
180.8	1.65533	1.21348
181	1.61757	1.1953
181.2	1.63823	1.19792
181.4	1.71834	1.19466
181.6	1.76479	1.26124
181.8	1.6162	1.26574
182	1.64374	1.24257
182.2	1.7461	1.21746
182.4	1.67834	1.20623
182.6	1.71255	1.23597
182.8	1.62103	1.19953
183	1.57537	1.25481
183.2	1.61988	1.23491
183.4	1.67376	1.25035
183.6	1.84675	1.21581
183.8	1.67778	1.20802
184	1.74039	1.2718
184.2	1.67618	1.26639
184.4	1.58011	1.23103
184.6	1.60824	1.27122
184.8	1.61551	1.25281
185	1.7062	1.25906
185.2	1.67379	1.24612
185.4	1.578	1.23327
185.6	1.47776	1.23291
185.8	1.75351	1.30174
186	1.52896	1.35306
186.2	1.69592	1.27273
186.4	1.72063	1.23218
186.6	1.75808	1.22865
186.8	1.71014	1.25116
187	1.73006	1.20986
187.2	1.66814	1.1963
187.4	1.6364	1.24799
187.6	1.57991	1.22614
187.8	1.57526	1.22143
188	1.68447	1.2231
188.2	1.74069	1.25492
188.4	1.73175	1.30168
188.6	1.75554	1.25777
188.8	1.71233	1.24925
189	1.69932	1.25565
189.2	1.63237	1.27028
189.4	1.68945	1.23087
189.6	1.70605	1.24971
189.8	1.80206	1.27126
190	1.65322	1.26387
190.2	1.82502	1.23795
190.4	1.57836	1.31507
190.6	1.60634	1.3058
190.8	1.70697	1.32593
191	1.59764	1.35798
191.2	1.62655	1.37982
191.4	1.59071	1.35745
191.6	1.72837	1.30815
191.8	1.81902	1.32635
192	1.74255	1.33055
192.2	1.74506	1.3403
192.4	1.67789	1.38915
192.6	1.8792	1.32189
192.8	1.73221	1.33647
193	1.53904	1.33541
193.2	1.66781	1.30865
193.4	1.58549	1.31989
193.6	1.69379	1.33341
193.8	1.75177	1.33252
194	1.57382	1.32488
194.2	1.75625	1.35077
194.4	1.80191	1.38503
194.6	1.80211	1.36646
194.8	1.47998	1.32412
195	1.71629	1.33022
195.2	1.71472	1.37155
195.4	1.66648	1.39519
195.6	1.72306	1.40172
195.8	1.57338	1.39549
196	1.67718	1.37695
196.2	1.64437	1.39662
196.4	1.76464	1.38813
196.6	1.51775	1.39303
196.8	1.66785	1.43686
197	1.65225	1.48822
197.2	1.53759	1.46684
197.4	1.52958	1.39396
197.6	1.62359	1.42939
197.8	1.56605	1.43259
198	1.74958	1.45773
198.2	1.69722	1.43173
198.4	1.64812	1.47924
198.6	1.62789	1.4968
198.8	1.80297	1.46183
199	1.70282	1.43721
199.2	1.54693	1.40072
199.4	1.62727	1.44954
199.6	1.40565	1.43778
199.8	1.78527	1.43151
200	1.55472	1.51044
200.2	1.8325	1.48647
200.4	1.62473	1.5199
200.6	1.47531	1.60334
200.8	1.77205	1.59466
201	1.58847	1.55431
201.2	1.61036	1.58692
201.4	1.70833	1.54065
201.6	1.88344	1.54214
201.8	1.67912	1.59102
202	1.80818	1.60784
202.2	1.80027	1.61733
202.4	1.73924	1.5808
202.6	1.5072	1.57406
202.8	1.83387	1.61752
203	1.59311	1.59364
203.2	1.70837	1.56649
203.4	1.66101	1.58607
203.6	1.64477	1.61068
203.8	1.7328	1.68254
204	1.52412	1.70586
204.2	1.5817	1.65675
204.4	1.65121	1.67813
204.6	1.71861	1.67438
204.8	1.75555	1.70662
205	1.72634	1.72837
205.2	1.74072	1.68525
205.4	1.71763	1.66569
205.6	1.64501	1.71107
205.8	1.73374	1.72348
206	1.64703	1.70213
206.2	1.63433	1.66634
206.4	1.62289	1.69306
206.6	1.76282	1.69865
206.8	1.56942	1.66222
207	1.72868	1.68535
207.2	1.51617	1.72518
207.4	1.67233	1.65715
207.6	1.6185	1.68126
207.8	1.64699	1.6244
208	1.60499	1.58882
208.2	1.66395	1.63342
208.4	1.70177	1.68174
208.6	1.52952	1.62811
208.8	1.69136	1.65276
209	1.73712	1.65928
209.2	1.63616	1.60615
209.4	1.68999	1.61377
209.6	1.582	1.70164
209.8	1.76608	1.71652
210	1.57884	1.6488
210.2	1.64639	1.61228
210.4	1.66302	1.61001
210.6	1.54836	1.6445
210.8	1.68091	1.55601
211	1.41279	1.5876
211.2	1.60704	1.67298
211.4	1.49957	1.6716
211.6	1.66458	1.58125
211.8	1.65665	1.57117
212	1.61821	1.55767
212.2	1.81001	1.59079
212.4	1.64699	1.58743
212.6	1.8134	1.59409
212.8	1.68675	1.59746
213	1.62741	1.6556
213.2	1.76134	1.66903
213.4	1.74835	1.61718
213.6	1.66687	1.6205
213.8	1.62022	1.57878
214	1.63783	1.62112
214.2	1.6861	1.60513
214.4	1.64898	1.65406
214.6	1.78235	1.6385
214.8	1.84551	1.65416
215	1.78551	1.63941
215.2	1.68213	1.63631
215.4	1.73143	1.6367
215.6	1.74595	1.67696
215.8	1.64095	1.6899
216	1.64806	1.65196
216.2	1.5863	1.62927
216.4	1.69516	1.61791
216.6	1.72591	1.61747
216.8	1.63826	1.66876
217	1.73073	1.65709
217.2	1.63653	1.65285
217.4	1.59152	1.73146
217.6	1.7032	1.72001
217.8	1.77872	1.66582
218	1.6752	1.67177
218.2	1.69027	1.6575
218.4	1.76322	1.66622
218.6	1.47922	1.63342
218.8	1.5707	1.6634
219	1.50861	1.71651
219.2	1.4741	1.71445
219.4	1.60574	1.68904
219.6	1.74575	1.67796
219.8	1.67822	1.6646
220	1.78725	1.65922
220.2	1.6321	1.66169
220.4	1.49753	1.67286
220.6	1.59552	1.68538
220.8	1.65582	1.71884
221	1.60994	1.7077
221.2	1.80145	1.6742
221.4	1.49274	1.67915
221.6	1.59678	1.71767
221.8	1.6216	1.6814
222	1.73101	1.70489
222.2	1.70316	1.71575
222.4	1.68997	1.76212
222.6	1.71244	1.73448
222.8	1.71333	1.72338
223	1.81285	1.76227
223.2	1.60501	1.75724
223.4	1.69126	1.72965
223.6	1.7496	1.79879
223.8	1.57899	1.81671
224	1.78147	1.7858
224.2	1.59925	1.81072
224.4	1.65584	1.75856
224.6	1.56432	1.7487
224.8	1.50193	1.77486
225	1.58902	1.76365
225.2	1.63061	1.75566
225.4	1.56043	1.76214
225.6	1.74526	1.77817
225.8	1.74156	1.80721
226	1.62896	1.74754
226.2	1.64975	1.72732
226.4	1.8691	1.71086
226.6	1.79423	1.69436
226.8	1.635	1.72903
227	1.66553	1.72146
227.2	1.63887	1.82039
227.4	1.46106	1.80494
227.6	1.76832	1.76805
227.8	1.66233	1.77157
228	1.4866	1.7531
228.2	1.69175	1.7396
228.4	1.70133	1.73105
228.6	1.57719	1.77278
228.8	1.61543	1.80673
229	1.71747	1.79807
229.2	1.70556	1.757
229.4	1.60894	1.73655
229.6	1.51774	1.82351
229.8	1.60097	1.77302
230	1.62395	1.7833
230.2	1.67009	1.81768
230.4	1.5858	1.84169
230.6	1.59319	1.81659
230.8	1.46307	1.7912
231	1.66705	1.75143
231.2	1.69156	1.80192
231.4	1.63484	1.7787
231.6	1.6776	1.73951
231.8	1.52023	1.7815
232	1.63683	1.77762
232.2	1.60446	1.78745
232.4	1.70003	1.75793
232.6	1.5989	1.81271
232.8	1.73842	1.76779
233	1.60236	1.75348
233.2	1.63656	1.79775
233.4	1.73317	1.80939
233.6	1.76068	1.76298
233.8	1.60241	1.80417
234	1.85508	1.8197
234.2	1.80064	1.77278
234.4	1.75274	1.7465
234.6	1.57686	1.77558
234.8	1.48377	1.79824
235	1.77412	1.75081
235.2	1.72731	1.75054
235.4	1.7514	1.75286
235.6	1.55692	1.75634
235.8	1.84389	1.76596
236	1.72229	1.82671
236.2	1.75787	1.79415
236.4	1.56303	1.75593
236.6	1.6855	1.74817
236.8	1.65667	1.7926
237	1.72328	1.77237
237.2	1.76357	1.72811
237.4	1.64454	1.72805
237.6	1.54843	1.7914
237.8	1.5836	1.7901
238	1.68848	1.75338
238.2	1.77936	1.75075
238.4	1.74392	1.73763
238.6	1.39722	1.72729
238.8	1.33866	1.75246
239	1.42515	1.80329
239.2	1.6485	1.76078
239.4	1.54961	1.7356
239.6	1.84698	1.79668
239.8	1.7055	1.75475
240	1.57436	1.73011
240.2	1.72306	1.76394
240.4	1.83471	1.79936
240.6	1.70164	1.85596
240.8	1.55753	1.86241
241	1.5011	1.87567
241.2	1.71382	1.86887
241.4	1.58741	1.8734
241.6	1.85113	1.8707
241.8	1.72603	1.90485
242	1.66612	1.95245
242.2	1.50031	1.87341
242.4	1.70325	1.84427
242.6	1.44279	1.86089
242.8	1.88691	1.89818
243	1.63834	1.90904
243.2	1.73774	1.90633
243.4	1.80831	1.87576
243.6	1.58572	1.87449
243.8	1.76216	1.90271
244	1.60554	1.86844
244.2	1.66757	1.88952
244.4	1.69406	1.89646
244.6	1.84687	1.86382
244.8	1.69221	1.85197
245	1.83363	1.84349
245.2	1.63359	1.89425
245.4	1.64207	1.92582
245.6	1.65683	1.95435
245.8	1.56013	1.9487
246	1.50804	1.95281
246.2	1.69322	1.89136
246.4	1.66944	1.8933
246.6	1.54151	1.87709
246.8	1.60411	1.92028
247	1.79806	1.90229
247.2	1.67272	1.92615
247.4	1.80141	1.95046
247.6	1.53227	1.9456
247.8	1.66391	1.92882
248	1.69019	1.92524
248.2	1.70466	1.93916
248.4	1.68988	1.88857
248.6	1.56577	1.90974
248.8	1.71579	1.97684
249	1.63694	1.92275
249.2	1.60964	1.91602
249.4	1.64595	1.86308
249.6	1.61421	1.95934
249.8	1.68582	1.92397
250	1.72021	1.95508
250.2	1.6773	1.9484
250.4	1.54075	1.98079
250.6	1.66269	1.94429
250.8	1.79939	1.86895
251	1.75944	1.91425
251.2	1.662	1.95718
251.4	1.65382	1.97751
251.6	1.63962	1.92144
251.8	1.76906	1.93239
252	1.79272	1.99674
252.2	1.57027	1.98047
252.4	1.53501	1.94594
252.6	1.77011	1.9843
252.8	1.43229	2.07395
253	1.76575	2.02736
253.2	1.69979	2.03545
253.4	1.62271	1.99347
253.6	1.83919	2.03017
253.8	1.70326	2.037
254	1.61225	2.04442
254.2	1.78404	1.98826
254.4	1.59898	2.01421
254.6	1.58389	2.00546
254.8	1.5074	2.01602
255	1.68699	2.0427
255.2	1.66239	2.10327
255.4	1.6785	2.09758
255.6	1.71888	2.13435
255.8	1.74196	2.12609
256	1.46674	2.03467
256.2	1.65005	2.10903
256.4	1.60847	2.17585
256.6	1.7255	2.137
256.8	1.70655	2.12683
257	1.53235	2.13683
257.2	1.75511	2.14641
257.4	1.75311	2.18673
257.6	1.60976	2.26542
257.8	1.67995	2.23927
258	1.82874	2.25186
258.2	1.59253	2.22767
258.4	1.77513	2.24975
258.6	1.6775	2.27238
258.8	1.5838	2.25294
259	1.69371	2.2715
259.2	1.75603	2.31475
259.4	1.62923	2.29236
259.6	1.56365	2.27551
259.8	1.52674	2.28063
260	1.64188	2.27666
260.2	1.58963	2.29841
260.4	1.62499	2.25183
260.6	1.64709	2.2737
260.8	1.61488	2.35452
261	1.52095	2.25982
261.2	1.65513	2.28005
261.4	1.84449	2.24096
261.6	1.59328	2.23118
261.8	1.7019	2.29574
262	1.61069	2.303
262.2	1.64484	2.3149
262.4	1.51691	2.27743
262.6	1.60476	2.30231
262.8	1.83083	2.36292
263	1.56187	2.37798
263.2	1.654	2.35067
263.4	1.48078	2.34805
263.6	1.55382	2.32257
263.8	1.60025	2.45546
264	1.81925	2.42206
264.2	1.74868	2.42817
264.4	1.66457	2.5027
264.6	1.74623	2.45009
264.8	1.64743	2.43448
265	1.76178	2.42976
265.2	1.52362	2.43809
265.4	1.67909	2.42506
265.6	1.7743	2.43435
265.8	1.69934	2.46146
266	1.50556	2.46011
266.2	1.60115	2.39684
266.4	1.51936	2.34065
266.6	1.75729	2.4116
266.8	1.65639	2.41118
267	1.61166	2.45098
267.2	1.59857	2.45342
267.4	1.75229	2.45556
267.6	1.65504	2.48038
267.8	1.67595	2.45512
268	1.7067	2.443
268.2	1.50581	2.46543
268.4	1.65469	2.47803
268.6	1.71683	2.51557
268.8	1.72285	2.51616
269	1.49239	2.50085
269.2	1.63342	2.52516
269.4	1.71294	2.51647
269.6	1.71391	2.48534
269.8	1.66707	2.4686
270	3.74103	2.47331
270.2	2.59417	2.5821
270.4	2.47435	2.62165
270.6	2.92394	2.6038
270.8	2.93119	2.63189
271	2.69756	2.7308
271.2	2.71587	2.73191
271.4	2.79681	2.66676
271.6	2.69796	2.5912
271.8	2.60878	2.66449
272	2.77178	2.73183
272.2	2.91063	2.72877
272.4	2.63186	2.68805
272.6	2.65624	2.67423
272.8	2.83654	2.68949
273	2.92834	2.76954
273.2	2.81787	2.72139
273.4	2.50938	2.78705
273.6	2.79161	2.8137
273.8	2.87874	2.7203
274	2.7585	2.75952
274.2	2.78561	2.81166
274.4	2.49127	2.94199
274.6	2.74366	3.02699
274.8	2.58563	2.88941
275	2.77687	2.82076
275.2	2.83449	2.7522
275.4	2.8473	2.79149
275.6	2.47975	2.84278
275.8	2.67924	2.91432
276	2.45692	2.97828
276.2	2.8978	2.87497
276.4	2.95081	2.79975
276.6	2.83384	2.87994
276.8	2.42153	2.90498
277	2.72334	2.8707
277.2	2.7679	2.91139
277.4	3.06833	2.89114
277.6	2.86028	2.93481
277.8	2.55603	2.84994
278	2.63217	2.86565
278.2	2.22155	2.91021
278.4	2.46977	2.94174
278.6	2.71558	2.95376
278.8	2.90918	2.99982
279	2.77281	3.03716
279.2	2.59653	3.04901
279.4	2.66697	3.02201
279.6	2.81442	3.07929
279.8	2.66675	3.07094
280	2.75683	3.11836
280.2	2.82873	3.09414
280.4	2.94969	3.05841
280.6	2.45454	3.07142
280.8	2.70714	3.1122
281	2.67562	3.13537
281.2	2.63433	3.11206
281.4	2.42334	3.14533
281.6	2.79852	3.19729
281.8	2.76878	3.24471
282	2.58085	3.25679
282.2	2.68595	3.23778
282.4	2.68443	3.24621
282.6	2.5143	3.29006
282.8	2.57928	3.20105
283	2.60371	3.25961
283.2	2.41647	3.16551
283.4	2.75415	3.06985
283.6	2.63733	3.04278
283.8	2.47328	3.09529
284	2.86769	3.08737
284.2	2.84155	3.14346
284.4	2.8125	3.12372
284.6	2.80287	3.22288
284.8	3.02968	3.27234
285	2.90869	3.33954
285.2	2.98709	3.18899
285.4	2.84727	3.05823
285.6	2.61821	3.07776
285.8	2.93254	3.2229
286	3.06953	3.20359
286.2	2.55474	3.19272
286.4	2.75101	3.23655
286.6	3.24886	3.20085
286.8	2.86902	3.12036
287	2.77616	3.20912
287.2	2.7984	3.25092
287.4	2.56658	3.19
287.6	2.55912	3.20378
287.8	2.99925	3.27018
288	2.67701	3.14344
288.2	2.79267	3.1447
288.4	2.89966	3.13952
288.6	2.89971	3.16435
288.8	2.87531	3.14893
289	3.1225	3.16203
289.2	3.06514	3.21315
289.4	2.88119	3.22096
289.6	3.06842	3.17932
289.8	2.65809	3.181
290	2.7049	3.16561
290.2	3.00313	3.16972
290.4	2.9089	3.24972
290.6	2.66503	3.18105
290.8	2.72822	3.17648
291	2.86351	3.14126
291.2	3.01363	3.18524
291.4	2.96707	3.25364
291.6	2.78868	3.20453
291.8	2.73119	3.19348
292	2.67911	3.21268
292.2	2.70812	3.12828
292.4	2.83196	3.09626
292.6	2.75553	3.06982
292.8	2.8032	3.16693
293	2.83036	3.17216
293.2	2.79134	3.26177
293.4	2.6588	3.20473
293.6	2.76799	3.23826
293.8	2.72237	3.232
294	2.6332	3.24091
294.2	2.7882	3.31445
294.4	2.53643	3.35914
294.6	2.70049	3.33636
294.8	2.73278	3.23392
295	3.13317	3.2332
295.2	2.76331	3.30422
295.4	2.6737	3.29469
295.6	2.44644	3.25892
295.8	2.60064	3.30876
296	2.67321	3.29688
296.2	2.66453	3.29357
296.4	2.89707	3.28597
296.6	2.9554	3.29165
296.8	2.66913	3.24322
297	2.63173	3.18169
297.2	2.83749	3.19237
297.4	2.55446	3.3144
297.6	2.69116	3.33392
297.8	2.81137	3.26379
298	2.82047	3.33676
298.2	2.72373	3.44421
298.4	2.77229	3.58058
298.6	2.88775	3.53391
298.8	2.63592	3.4848
299	3.0007	3.47708
299.2	3.07024	3.54674
299.4	2.52811	3.49981
299.6	2.63378	3.45455
299.8	2.80443	3.44451
300	6.41861	3.49175
300.2	4.98711	3.55428
300.4	4.78576	3.53069
300.6	5.21302	3.47926
300.8	4.73679	3.46885
301	4.92899	3.44555
301.2	4.89504	3.443
301.4	4.28786	3.32428
301.6	4.31758	3.33805
301.8	4.73177	3.26986
302	4.402	3.27273
302.2	4.73019	3.40217
302.4	4.4665	3.50918
302.6	4.69194	3.62984
302.8	4.96297	3.74209
303	4.63028	3.81584
303.2	4.59623	3.89642
303.4	4.80281	3.96343
303.6	4.65935	4.09495
303.8	4.2819	4.19085
304	4.67774	4.31189
304.2	4.1778	4.4202
304.4	4.24869	4.63562
304.6	5.14397	4.4807
304.8	4.63741	4.39179
305	4.46945	4.4375
305.2	4.59711	4.66058
305.4	4.98108	4.73071
305.6	4.39577	4.7005
305.8	4.89466	4.74324
306	4.65435	4.68798
306.2	4.53502	4.6266
306.4	4.37866	4.86095
306.6	4.75281	4.79791
306.8	4.60235	4.8253
307	4.4727	4.99436
307.2	4.71082	5.12321
307.4	4.38016	5.34363
307.6	4.67236	5.33961
307.8	4.44491	5.56074
308	4.66099	5.56824
308.2	4.78268	5.68042
308.4	4.60995	5.98459
308.6	5.10541	6.16139
308.8	4.35169	6.39795
309	4.70776	6.39578
309.2	4.28435	6.3984
309.4	4.71833	6.53814
309.6	4.37268	6.60255
309.8	4.8081	6.69742
310	4.77438	6.7635
310.2	4.61675	7.11639
310.4	4.85742	7.2348
310.6	4.42523	7.39411
310.8	4.88096	7.43734
311	4.60774	7.37253
311.2	4.73176	7.49287
311.4	4.87121	7.33657
311.6	4.62376	7.35384
311.8	4.44948	7.53603
312	4.41383	7.35477
312.2	4.35646	7.67623
312.4	4.42006	7.84692
312.6	4.49369	8.19528
312.8	4.60325	8.59647
313	4.29946	8.56258
313.2	4.27987	8.41257
313.4	4.53611	8.44941
313.6	4.55968	8.57566
313.8	4.2653	8.58756
314	4.50127	8.45479
314.2	3.97023	8.69129
314.4	4.35484	8.40331
314.6	4.54538	8.40513
314.8	4.59192	8.48613
315	4.31955	8.48989
315.2	4.53653	8.21144
315.4	4.42596	8.24309
315.6	4.1237	8.5128
315.8	4.50442	8.71959
316	4.28473	8.60633
316.2	4.719	8.66652
316.4	4.71607	8.99449
316.6	4.3605	9.28605
316.8	4.45035	9.62893
317	4.82065	10.0018
317.2	4.87911	10.5507
317.4	4.27207	10.666
317.6	4.35637	10.6921
317.8	4.63494	10.7724
318	4.72936	11.0209
318.2	4.78179	10.7271
318.4	4.32807	10.9881
318.6	4.38133	11.0595
318.8	4.54209	11.3039
319	3.63281	11.5802
319.2	4.58008	11.964
319.4	4.48005	12.3218
319.6	4.56771	12.5445
319.8	4.41157	12.6822
320	4.70755	12.8605
320.2	4.63306	12.9915
320.4	4.83244	12.944
320.6	4.53591	12.8851
320.8	4.644	12.8469
321	4.44539	12.9166
321.2	4.45919	12.8482
321.4	4.83944	13.0846
321.6	4.38779	13.353
321.8	5.02291	13.4162
322	4.69412	13.3707
322.2	4.6128	13.4062
322.4	4.52019	13.5684
322.6	4.77588	13.5341
322.8	4.49329	13.7676
323	3.71915	13.7664
323.2	4.30069	13.5927
323.4	4.54603	13.5793
323.6	4.86395	13.2623
323.8	4.29615	13.2396
324	4.48608	13.0894
324.2	4.86527	13.1479
324.4	4.87446	13.0649
324.6	4.51059	13.0624
324.8	4.54165	13.2305
325	4.41718	13.465
325.2	4.45838	13.4633
325.4	4.65689	13.1447
325.6	4.58549	13.0901
325.8	4.52368	13.1482
326	4.26352	13.2796
326.2	4.55381	13.1943
326.4	4.38969	13.2491
326.6	4.80358	12.9892
326.8	4.60363	13.1241
327	4.97968	13.5706
327.2	4.64353	13.6116
327.4	5.11227	13.7528
327.6	4.22859	13.9659
327.8	4.46333	13.7301
328	4.7917	13.807
328.2	4.46901	13.955
328.4	4.44355	14.0236
328.6	4.16112	14.2968
328.8	4.4866	14.5044
329	4.50178	14.6253
329.2	4.62486	14.8326
329.4	4.28764	14.7545
329.6	4.83279	14.7562
329.8	4.74926	14.6221
330	4.49058	14.6736
330.2	4.7241	14.4487
330.4	4.47515	14.6349
330.6	4.66892	14.6291
330.8	4.46765	14.6969
331	4.23029	14.508
331.2	4.87108	14.535
331.4	4.11946	14.4857
331.6	4.54876	14.5411
331.8	4.93151	14.5559
332	4.60099	14.8071
332.2	4.30226	14.8272
332.4	4.68864	14.933
332.6	4.77795	15.0894
332.8	4.48713	15.4324
333	4.86658	15.6131
333.2	4.5782	15.9333
333.4	4.40268	16.2569
333.6	4.47292	16.2592
333.8	4.52917	16.3965
334	4.52061	16.3286
334.2	4.59923	16.8705
334.4	4.59619	16.9794
334.6	4.55256	17.07
334.8	4.76835	17.1295
335	4.51017	17.0178
335.2	4.52528	16.7695
335.4	4.77994	16.7011
335.6	4.59522	16.7653
335.8	4.39579	16.6867
336	4.91008	16.5769
336.2	4.88298	16.5923
336.4	4.66435	16.6531
336.6	4.5036	16.7263
336.8	4.58337	16.7676
337	4.84971	17.2668
337.2	4.42634	17.0763
337.4	4.4945	17.1637
337.6	4.81163	17.1721
337.8	5.01564	17.0123
338	4.27763	17.253
338.2	4.37114	17.48
338.4	4.27784	17.7547
338.6	4.37608	17.8627
338.8	4.52181	17.8968
339	4.69846	18.1253
339.2	4.73508	18.299
339.4	4.60406	18.6544
339.6	3.9846	18.7686
339.8	4.20301	19.0037
340	4.76944	19.116
340.2	4.72053	19.6811
340.4	4.66677	19.8147
340.6	4.48812	20.1525
340.8	4.77528	20.031
341	4.60247	20.0385
341.2	4.2125	20.3717
341.4	4.33171	20.6563
341.6	4.42079	20.8322
341.8	4.1283	21.0679
342	4.94886	20.8107
342.2	4.2834	20.6144
342.4	4.59075	20.8345
342.6	4.51028	20.8364
342.8	4.87322	20.8761
343	4.19646	20.8389
343.2	4.57303	20.742
343.4	4.44315	20.7838
343.6	4.357	20.7776
343.8	4.86467	20.9806
344	4.62867	21.2615
344.2	4.35001	21.4054
344.4	4.25105	21.2596
344.6	4.45394	21.5091
344.8	4.25218	21.5621
345	4.61309	21.6065
345.2	4.34056	22.007
345.4	4.1336	21.9214
345.6	4.51071	22.2469
345.8	4.24612	22.3256
346	4.64033	22.4768
346.2	4.25437	22.8299
346.4	3.99846	22.9131
346.6	4.71399	23.0093
346.8	4.19384	23.1608
347	4.28277	23.2781
347.2	4.79559	23.6212
347.4	4.75528	23.8148
347.6	4.33113	23.7523
347.8	4.79403	23.6326
348	4.44967	23.7243
348.2	4.66838	24.1783
348.4	4.42428	24.4071
348.6	4.73041	24.6637
348.8	4.21327	24.9035
349	4.10379	25.1395
349.2	4.3275	25.2938
349.4	4.60688	25.7544
349.6	4.48857	25.8327
349.8	4.55205	26.2442
350	4.38532	25.909
350.2	4.57277	26.1403
350.4	4.62585	26.2818
350.6	4.71404	26.768
350.8	4.46455	26.5811
351	4.63201	26.6281
351.2	4.44427	26.6131
351.4	4.54278	26.6745
351.6	4.45403	26.8527
351.8	4.77462	27.0752
352	4.72818	27.0016
352.2	4.89919	27.2212
352.4	4.5295	27.6533
352.6	4.65361	27.9225
352.8	4.50456	28.1855
353	4.60625	28.1277
353.2	4.77808	28.1357
353.4	4.42791	28.4061
353.6	4.71609	28.4667
353.8	4.70588	28.4668
354	4.72608	28.3338
354.2	4.93812	28.3405
354.4	4.56247	28.3847
354.6	4.22921	28.4844
354.8	4.82051	28.6322
355	3.9201	28.4113
355.2	4.41694	28.3596
355.4	4.63159	28.2241
355.6	4.65252	28.4713
355.8	4.34661	28.7463
356	4.15562	28.6916
356.2	4.67111	28.6667
356.4	4.78595	28.6314
356.6	4.45218	28.3907
356.8	4.49304	28.6347
357	4.74964	28.8052
357.2	4.28991	29.2508
357.4	4.60489	29.1284
357.6	5.14175	29.2089
357.8	4.75399	29.2809
358	4.6879	29.0006
358.2	4.34693	29.1697
358.4	4.71118	29.3387
358.6	4.7474	29.1701
358.8	4.54603	29.348
359	4.80152	29.4716
359.2	4.87007	29.4057
359.4	4.61342	29.0958
359.6	4.19178	29.2479
359.8	4.50604	29.3893
360	4.71306	29.3975
360.2	4.36501	29.7062
360.4	4.0586	29.8064
360.6	4.75561	30.1222
360.8	4.70264	30.0236
361	4.12679	30.2183
361.2	4.32456	30.4055
361.4	4.53185	30.481
361.6	4.51561	30.6504
361.8	4.25066	30.7698
362	4.41537	30.9873
362.2	4.07414	31.0733
362.4	4.04841	31.665
362.6	4.89211	31.3447
362.8	5.09774	31.531
363	4.86958	31.6351
363.2	4.86583	31.4312
363.4	4.42227	31.5274
363.6	5.0661	31.4778
363.8	5.09054	31.7852
364	4.73734	31.6669
364.2	4.40762	31.5728
364.4	4.36782	32.1422
364.6	4.89832	32.0634
364.8	4.79488	32.2776
365	4.69514	32.6055
365.2	4.50054	33.0905
365.4	4.19051	32.8834
365.6	4.76969	33.1826
365.8	4.98442	32.9855
366	4.14593	32.9057
366.2	4.28744	33.0792
366.4	4.42879	32.8636
366.6	4.65356	32.8187
366.8	4.11779	32.6177
367	4.2416	32.8883
367.2	4.43251	32.9275
367.4	4.27049	32.4778
367.6	4.62367	32.7052
367.8	4.86706	32.5918
368	4.49413	32.2255
368.2	4.84202	32.1884
368.4	4.726	32.253
368.6	4.5846	32.3972
368.8	4.87478	32.7299
369	4.47703	32.8533
369.2	4.66929	33.2702
369.4	4.70318	33.671
369.6	4.14074	33.7137
369.8	4.45514	33.7745
370	4.68239	33.506
370.2	4.19345	33.2713
370.4	4.65861	32.9092
370.6	4.53944	32.8916
370.8	4.57871	33.0342
371	4.20969	32.9662
371.2	4.66699	32.631
371.4	4.69158	32.5768
371.6	4.72721	32.6454
371.8	4.75328	32.9213
372	4.58318	33.1263
372.2	5.08316	33.26
372.4	4.60309	33.3265
372.6	4.68104	33.6569
372.8	4.12295	34.0361
373	4.68131	34.3132
373.2	4.55342	34.1352
373.4	5.09337	34.214
373.6	4.50219	34.5472
373.8	4.28006	34.4458
374	4.46537	34.3141
374.2	4.34493	34.5397
374.4	4.45553	34.6799
374.6	4.66408	34.8129
374.8	4.86028	35.1968
375	4.89386	35.5804
375.2	5.05133	35.6084
375.4	5.06999	35.7426
375.6	4.7398	35.5508
375.8	4.85398	35.7704
376	4.40438	35.4051
376.2	4.57997	35.0958
376.4	4.62594	35.0416
376.6	4.36734	35.4504
376.8	4.91118	35.6057
377	4.63212	35.3685
377.2	4.85001	35.5475
377.4	4.49118	35.4723
377.6	4.4001	35.5972
377.8	4.68952	35.6781
378	4.58257	35.6693
378.2	4.12833	36.1161
378.4	4.48585	36.4047
378.6	4.46368	36.8996
378.8	4.44105	36.741
379	4.78053	36.6986
379.2	4.66503	36.4684
379.4	4.33437	36.4974
379.6	4.38313	36.8512
379.8	4.17921	36.8337
380	4.85854	37.3806
380.2	4.62341	37.6396
380.4	5.01137	37.4745
380.6	4.67202	37.8167
380.8	4.37581	38.3571
381	4.69993	38.3304
381.2	4.61474	38.3062
381.4	4.39868	38.2575
381.6	4.7528	38.2911
381.8	4.62783	38.4806
382	4.75365	38.5829
382.2	4.39478	38.6867
382.4	4.51623	38.6035
382.6	4.29	38.5859
382.8	4.34784	38.7503
383	4.69034	38.9046
383.2	4.40911	39.0616
383.4	4.31176	39.1625
383.6	4.46881	39.4084
383.8	4.81543	39.6846
384	4.61526	39.9114
384.2	4.71032	39.8499
384.4	4.79815	39.7265
384.6	4.96046	40.2205
384.8	5.1612	40.2729
385	4.39605	40.338
385.2	5.26632	40.1453
385.4	4.69433	40.4481
385.6	4.1716	40.4995
385.8	4.50702	40.3877
386	4.84828	40.4896
386.2	3.94832	40.7765
386.4	4.13125	40.712
386.6	4.85516	40.6124
386.8	4.57216	40.4081
387	4.62617	40.1212
387.2	4.5372	39.8968
387.4	4.65766	40.1683
387.6	4.44672	40.1066
387.8	4.78432	40.1585
388	4.3956	40.3141
388.2	4.71164	40.6241
388.4	4.21818	41.0106
388.6	4.88716	41.1285
388.8	4.59213	41.0429
389	4.47824	41.3703
389.2	4.54209	41.477
389.4	4.6474	41.5045
389.6	4.81968	41.4403
389.8	5.02405	41.5243
390	5.25129	41.5587
390.2	4.6355	41.9273
390.4	4.74523	42.028
390.6	4.49452	42.2217
390.8	4.9152	42.6515
391	4.79497	42.604
391.2	4.72799	42.7633
391.4	4.70611	42.7717
391.6	4.85351	42.8028
391.8	4.69116	43.1803
392	4.07643	43.2909
392.2	4.48819	43.6224
392.4	4.83724	43.6574
392.6	4.26376	43.9621
392.8	4.65993	43.9449
393	4.16453	43.7693
393.2	4.61742	43.7088
393.4	4.93078	43.6545
393.6	4.85626	43.7208
393.8	4.75287	43.6599
394	4.35049	43.5279
394.2	4.38633	43.9376
394.4	4.87065	44.0221
394.6	4.90658	44.0651
394.8	4.48138	44.118
395	4.97817	44.3315
395.2	4.3178	44.3317
395.4	4.65682	44.6365
395.6	4.40004	44.9111
395.8	4.53289	44.9934
396	4.35552	44.7948
396.2	4.37996	44.7852
396.4	4.3433	44.8745
396.6	4.36354	45.0721
396.8	4.57884	45.1307
397	4.45721	45.332
397.2	5.11504	45.6432
397.4	4.42123	45.624
397.6	4.40149	45.2057
397.8	4.4684	45.1549
398	4.1986	45.1577
398.2	4.2785	45.3286
398.4	5.06651	45.3089
398.6	4.7819	45.6445
398.8	4.45812	45.6717
399	4.61075	45.5143
399.2	4.43278	46.0737
399.4	4.56857	46.3559
399.6	4.63463	46.3801
399.8	4.55958	46.5656
400	10.2487	46.9946
400.2	8.01026	47.5658
400.4	8.62728	47.9699
400.6	7.93649	48.8178
400.8	7.80398	49.3807
401	8.54732	49.4109
401.2	8.65298	49.4859
401.4	8.30243	49.3473
401.6	7.24892	49.4029
401.8	8.07505	49.8479
402	7.75079	49.9545
402.2	7.71711	49.9528
402.4	7.84592	49.7136
402.6	8.64763	50.5459
402.8	8.96041	51.3122
403	7.74624	51.0949
403.2	7.96213	51.7232
403.4	8.42883	52.4158
403.6	8.50498	52.4304
403.8	8.44826	52.5488
404	7.02562	52.2946
404.2	7.99695	52.8656
404.4	7.81718	52.4683
404.6	7.98547	52.384
404.8	8.60975	52.505
405	9.53819	52.6846
405.2	8.43951	52.7869
405.4	7.88324	53.4461
405.6	8.45668	53.9547
405.8	8.15132	54.5534
406	8.01707	53.9836
406.2	8.51604	54.4507
406.4	8.27004	54.6621
406.6	8.1355	54.885
406.8	8.21398	55.1957
407	8.05579	55.8956
407.2	7.95971	55.4637
407.4	8.24078	55.3923
407.6	8.2348	55.4155
407.8	7.46297	55.8384
408	7.25695	56.3359
408.2	8.20595	56.2602
408.4	8.24537	56.0018
408.6	8.4902	56.0364
408.8	7.48956	55.6524
409	8.15383	55.3917
409.2	7.57365	54.9494
409.4	8.10272	54.6871
409.6	8.01298	54.8429
409.8	7.73594	54.7325
410	7.9086	54.7294
410.2	8.89174	55.0481
410.4	7.92972	55.2718
410.6	8.01827	55.9805
410.8	8.12817	56.7989
411	7.79289	57.7418
411.2	8.57374	58.2954
411.4	8.39036	58.2165
411.6	8.00688	58.5537
411.8	8.76073	58.3867
412	7.95176	59.3259
412.2	7.73396	59.6328
412.4	8.44305	60.263
412.6	7.57693	60.3226
412.8	8.38185	60.3387
413	8.31171	60.4971
413.2	7.68774	60.1892
413.4	8.66439	60.2094
413.6	7.74989	59.8468
413.8	7.34549	59.7088
414	7.69133	59.4413
414.2	8.46493	58.8534
414.4	8.28086	58.7551
414.6	6.95865	59.1396
414.8	8.70949	59.9714
415	7.70489	60.1052
415.2	8.09951	60.6545
415.4	8.64294	60.7775
415.6	8.21502	61.7247
415.8	7.44942	62.4139
416	8.10356	62.5291
416.2	7.32282	62.0063
416.4	8.32154	61.8503
416.6	7.99634	62.3902
416.8	7.8567	61.9662
417	8.95253	61.7861
417.2	7.326	62.418
417.4	8.35436	62.9778
417.6	8.78842	63.351
417.8	7.84717	63.5515
418	8.62004	63.5318
418.2	8.65031	64.0012
418.4	6.94722	64.3945
418.6	7.97113	64.3054
418.8	8.44491	64.0559
419	7.96796	64.0352
419.2	7.82155	64.6909
419.4	7.22843	65.138
419.6	7.77152	65.7503
419.8	8.43215	65.3749
420	7.98544	65.6815
420.2	7.62059	65.7297
420.4	8.02445	66.1605
420.6	8.04357	65.9006
420.8	7.71621	65.98
421	8.77883	66.3423
421.2	8.70661	66.7455
421.4	8.59857	67.0584
421.6	8.26277	68.1052
421.8	8.33569	68.7901
422	7.96737	69.015
422.2	7.90873	69.6585
422.4	7.62442	70.3412
422.6	8.28112	70.4893
422.8	8.18655	70.8198
423	8.41203	70.4934
423.2	7.68448	70.6125
423.4	8.24454	71.4786
423.6	8.37691	71.5913
423.8	8.37651	72.363
424	8.17907	71.9561
424.2	8.15953	71.9251
424.4	8.45108	72.1563
424.6	8.11174	71.9415
424.8	8.80899	72.4002
425	7.96494	72.1787
425.2	7.66619	72.7218
425.4	8.4994	72.8499
425.6	7.50029	72.9125
425.8	8.35538	73.1254
426	7.61626	72.988
426.2	7.07608	73.6146
426.4	7.9043	74.0899
426.6	7.49952	73.8548
426.8	8.59999	73.7533
427	8.32034	74.6204
427.2	7.1494	74.4414
427.4	8.62732	74.6115
427.6	7.96723	75.022
427.8	7.40559	75.0489
428	7.48823	75.8156
428.2	7.87382	76.0137
428.4	7.45197	76.6434
428.6	8.14448	76.9466
428.8	8.60161	76.9651
429	8.14913	76.3167
429.2	7.79414	76.3175
429.4	8.11519	75.9171
429.6	8.15336	75.8517
429.8	8.24443	76.1457
430	8.25872	76.3818
430.2	7.86058	76.2089
430.4	7.62796	75.7089
430.6	7.40379	76.4086
430.8	7.89241	76.75
431	7.71561	77.2695
431.2	8.41575	77.8438
431.4	8.31844	78.5149
431.6	9.11714	79.1678
431.8	8.24166	79.4379
432	7.59542	79.4551
432.2	7.80416	80.0874
432.4	8.08757	80.5753
432.6	8.66558	80.932
432.8	8.89	81.1496
433	7.77055	81.9441
433.2	6.59703	82.2019
433.4	7.45702	82.5074
433.6	7.70828	83.616
433.8	8.08747	83.3294
434	8.15705	83.062
434.2	7.81781	83.1646
434.4	7.87345	83.5016
434.6	7.99933	83.9535
434.8	8.3251	84.4923
435	8.02233	84.2598
435.2	8.05234	84.0979
435.4	8.10465	84.6467
435.6	8.30882	84.6216
435.8	8.94406	85.0906
436	7.73082	85.3646
436.2	8.3709	85.7778
436.4	8.49495	85.6954
436.6	7.77617	85.2833
436.8	7.59699	85.6041
437	7.99898	85.9429
437.2	7.91728	86.0202
437.4	8.08777	86.2584
437.6	8.59619	86.1981
437.8	8.21876	86.1679
438	8.1652	86.2504
438.2	7.50018	86.9233
438.4	8.16023	87.5909
438.6	8.12455	87.7184
438.8	8.766	88.7518
439	7.99556	88.898
439.2	8.03171	89.2346
439.4	7.89975	89.3533
439.6	8.7473	89.5952
439.8	8.11407	89.0517
440	8.14505	89.2546
440.2	7.9445	89.4819
440.4	8.36118	89.7423
440.6	7.9537	89.2743
440.8	8.25703	88.8196
441	7.90432	88.5369
441.2	7.66952	88.2796
441.4	8.01537	87.5127
441.6	8.05886	87.6629
441.8	8.03625	87.9207
442	7.87108	88.3313
442.2	7.55011	87.5253
442.4	7.81456	87.3949
442.6	7.58697	87.5697
442.8	8.63457	87.5205
443	8.99725	87.6221
443.2	7.71635	87.6413
443.4	8.02347	87.4958
443.6	7.96651	87.0717
443.8	7.97417	87.4297
444	8.25464	87.7368
444.2	7.91689	88.7078
444.4	8.27596	88.753
444.6	8.44373	88.814
444.8	8.18634	88.9496
445	8.38095	89.0684
445.2	8.68541	89.7168
445.4	8.56249	89.4634
445.6	8.25761	89.8136
445.8	7.79806	90.3136
446	7.86474	89.9613
446.2	7.93176	90.2916
446.4	7.62548	90.3753
446.6	7.83078	90.1461
446.8	7.82516	90.007
447	8.04437	89.5428
447.2	8.06673	89.9433
447.4	8.43666	89.1954
447.6	8.58463	89.3838
447.8	7.31071	88.832
448	8.05737	88.8986
448.2	8.66856	88.2785
448.4	7.61833	88.4873
448.6	8.74427	87.5977
448.8	7.92203	87.2881
449	8.05499	86.9201
449.2	7.94842	86.6233
449.4	7.6511	86.1177
449.6	8.27232	86.4451
449.8	8.0022	86.381
450	8.16176	86.3539
450.2	7.86553	86.6401
450.4	8.25317	86.5858
450.6	7.54365	86.3447
450.8	7.75491	86.4474
451	8.3845	86.4872
451.2	8.26863	86.2193
451.4	8.29341	86.7025
451.6	7.98916	86.8802
451.8	7.31988	86.8742
452	8.05453	87.7684
452.2	8.06859	87.6106
452.4	8.45169	87.7916
452.6	8.19869	87.0808
452.8	7.84652	87.4152
453	7.29293	87.4901
453.2	7.59548	87.3829
453.4	8.15127	87.4373
453.6	7.99064	86.7131
453.8	7.78937	86.5939
454	7.31901	86.8703
454.2	8.29554	87.2778
454.4	8.39558	87.5914
454.6	8.26665	88.1147
454.8	8.22675	88.8358
455	8.58443	89.984
455.2	7.70017	90.2548
455.4	7.76608	90.3044
455.6	7.82457	90.4671
455.8	8.26094	91.4372
456	8.25479	90.6137
456.2	8.2007	91.0528
456.4	8.02848	90.486
456.6	7.96952	90.3464
456.8	8.54394	89.6666
457	7.80557	88.7607
457.2	8.20078	89.1161
457.4	8.15442	90.078
457.6	8.91392	89.7097
457.8	8.11851	88.9183
458	7.40749	89.1534
458.2	7.62614	88.8822
458.4	7.84666	89.3982
458.6	7.66965	90.0491
458.8	7.96428	90.6811
459	7.26592	90.5585
459.2	7.99779	91.8268
459.4	8.53474	92.2509
459.6	7.21117	93.2011
459.8	9.16797	93.2335
460	7.73097	93.8466
460.2	8.39463	94.6255
460.4	8.33713	94.6559
460.6	7.50304	94.3321
460.8	8.13253	94.7108
461	7.84208	95.684
461.2	8.20446	96.5216
461.4	7.54154	96.9377
461.6	7.98997	96.7768
461.8	7.53578	96.9248
462	7.68625	96.6853
462.2	7.12251	97.0281
462.4	8.26412	97.5782
462.6	8.08073	97.2552
462.8	8.15434	97.8891
463	8.31072	96.793
463.2	8.20589	96.7131
463.4	7.86317	96.4513
463.6	7.6565	96
463.8	8.53478	95.5127
464	8.42091	95.0075
464.2	8.12782	95.428
464.4	8.40431	95.6764
464.6	8.33424	95.4477
464.8	7.91409	94.9795
465	7.9484	94.6589
465.2	8.14007	95.4185
465.4	7.33642	95.5941
465.6	7.92119	96.0841
465.8	8.48835	95.9115
466	7.81125	95.5554
466.2	7.88659	95.1763
466.4	8.5006	95.7461
466.6	8.16651	95.7024
466.8	7.75241	96.0376
467	7.95137	97.0173
467.2	7.62938	97.5606
467.4	7.68258	98.0929
467.6	8.48405	98.621
467.8	8.13422	98.6397
468	8.23179	98.1075
468.2	8.36175	98.2859
468.4	8.31425	98.2733
468.6	8.41485	98.1611
468.8	7.86382	99.5329
469	8.38935	99.622
469.2	7.52678	100.136
469.4	8.3169	100.023
469.6	8.29997	100.406
469.8	8.96672	100.684
470	7.8497	101.737
470.2	8.68857	100.845
470.4	8.26798	100.652
470.6	8.33675	100.724
470.8	7.40827	100.844
471	8.00006	100.994
471.2	7.7987	101.544
471.4	8.11061	101.802
471.6	7.94797	101.722
471.8	8.7971	101.887
472	7.26772	101.587
472.2	7.95356	102.108
472.4	8.27079	102.368
472.6	8.26042	102.422
472.8	7.55645	102.668
473	7.9107	103.179
473.2	7.49973	103.59
473.4	8.04795	104.001
473.6	8.26716	103.883
473.8	8.7152	104.345
474	7.83597	104.747
474.2	7.7833	105.068
474.4	7.98349	103.807
474.6	8.31527	104.788
474.8	7.82757	104.984
475	8.00497	105.537
475.2	8.4893	105.937
475.4	8.87073	106.401
475.6	7.51647	106.026
475.8	8.20762	106.068
476	8.17469	107.018
476.2	7.51977	106.736
476.4	8.61355	107.378
476.6	7.85633	108.466
476.8	8.58757	107.665
477	8.47057	108.514
477.2	8.16548	108.353
477.4	7.90506	108.368
477.6	8.10958	107.891
477.8	8.16627	107.663
478	8.3136	108.032
478.2	8.58815	107.555
478.4	8.24233	107.593
478.6	8.07762	107.644
478.8	8.48021	108.409
479	8.27378	108.56
479.2	8.71748	109.225
479.4	8.74891	109.122
479.6	7.75188	108.404
479.8	8.50391	107.896
480	8.74873	108.318
480.2	7.94089	108.658
480.4	8.11084	108.636
480.6	8.26122	108.499
480.8	7.56727	108.295
481	7.76516	108.055
481.2	8.00449	108.307
481.4	8.11423	108.558
481.6	7.7652	108.892
481.8	8.07876	109.617
482	8.55191	109.855
482.2	7.82983	110.553
482.4	7.82802	110.54
482.6	7.23823	111.672
482.8	7.91082	111.499
483	8.24426	111.096
483.2	8.20229	111.067
483.4	7.9366	111.713
483.6	7.49071	111.985
483.8	8.19508	111.282
484	7.98063	111.322
484.2	7.91866	110.993
484.4	7.86469	111.204
484.6	8.00592	111.026
484.8	7.95143	111.817
485	7.28336	111.216
485.2	7.72003	111.148
485.4	8.12353	111.638
485.6	8.10434	112.253
485.8	8.94089	112.264
486	8.54064	111.906
486.2	8.30836	111.819
486.4	7.31965	112.946
486.6	7.92764	112.512
486.8	8.34398	112.578
487	8.06611	112.18
487.2	8.14136	111.737
487.4	7.6363	111.617
487.6	7.8195	112.617
487.8	8.23052	112.491
488	8.29526	112.871
488.2	7.57044	113.327
488.4	7.93958	114.118
488.6	7.52235	114.074
488.8	8.72372	114.015
489	7.76525	114.224
489.2	7.95557	114.972
489.4	8.46049	114.697
489.6	8.25366	115.62
489.8	7.60573	115.659
490	7.84563	116.25
490.2	7.94068	116.486
490.4	8.47703	115.867
490.6	8.7631	115.584
490.8	7.82079	115.916
491	7.15058	116.319
491.2	7.47344	115.783
491.4	7.10141	115.98
491.6	8.19588	115.806
491.8	7.89641	116.177
492	8.82711	115.31
492.2	8.37482	115.199
492.4	7.33892	115.488
492.6	7.42263	114.936
492.8	7.26239	114.924
493	8.0379	115.02
493.2	8.27341	115.201
493.4	8.17063	115.786
493.6	8.5216	115.732
493.8	7.42156	117.079
494	8.32914	117.735
494.2	8.26007	118.044
494.4	8.06491	118.059
494.6	7.73253	118.53
494.8	8.52569	118.76
495	8.91566	119.312
495.2	8.67491	119.152
495.4	7.87631	119.607
495.6	8.05463	119.625
495.8	7.46721	120.486
496	7.93069	121.329
496.2	8.417	121.141
496.4	8.07444	121.334
496.6	8.20548	122.527
496.8	8.94819	123.323
497	8.21878	123.643
497.2	8.14785	123.799
497.4	7.91243	123.676
497.6	9.03161	124.525
497.8	8.49111	124.687
498	8.35721	124.831
498.2	7.60004	125.245
498.4	7.91496	126.225
498.6	8.21557	126.802
498.8	7.26349	127.114
499	8.09019	126.958
499.2	7.78944	127.201
499.4	8.38801	127.48
499.6	7.2672	128.639
499.8	7.75817	128.224
