1	0	0.0181563	0.14537	0.437236	0.749755	0.955855	0.96412	0.976677	0.991711	0.966542	0.903028	0.87755	0.817186	0.805297	0.753666	0.704972	0.662473	0.645247	0.567031	0.546355	0.594464	0.592367	0.60235	0.610247	0.661355	0.653014	0.633428	0.656227	0.691963	0.744278	0.770109	0.769734	0.77645	0.701362	0.694959	0.694367	0.708931	0.767284	0.852713	0.866216	0.86378	0.808684	0.809166	0.784713	0.770181	0.757994	0.723361	0.719139	0.711491	0.703098	0.681345	0.565402	0.649377	0.67462	0.676267	0.690517	0.73247	0.76097	0.727723	0.678261	0.658248	0.614603	0.614695	0.584095	0.5685	0.585003	0.6013	0.674364	0.673212	0.681312	0.670498	0.676947	0.67503	0.676683	0.689911	0.712998	0.754092	0.850194	0.825098	0.815009	0.811378	0.799808	0.812142	0.754716	0.741706	0.727184	0.696142	0.686886	0.685442	0.673539	0.668745	0.69492	0.71652	0.686298	0.639903	0.628919	0.559416	0.556658	0.560763	0.587959	0.612125	0.667934	0.808356	0.843419	0.843591	0.850344	0.860564	0.865219	0.821123	0.768053	0.694708	0.693723	0.657338	0.595658	0.4958	0.428422	0.387955	0.408822	0.491605	0.599431	0.641244	0.719248	0.854598	0.863045	0.889516	0.959222	0.971055	1
1.1	0	0.0170391	0.124792	0.325248	0.644534	0.776931	0.825514	0.854991	0.922408	0.925797	0.926473	0.937333	0.913692	0.802216	0.758677	0.740359	0.716453	0.67582	0.646014	0.614844	0.619381	0.647572	0.680411	0.646373	0.675252	0.691123	0.697195	0.668364	0.690031	0.662195	0.687405	0.700719	0.679283	0.649759	0.631127	0.625072	0.627973	0.6866	0.821483	0.865802	0.867658	0.849977	0.767306	0.74263	0.72255	0.708673	0.694377	0.685708	0.6819	0.685786	0.683781	0.713403	0.680511	0.641323	0.643914	0.625323	0.643206	0.66597	0.65933	0.618172	0.624503	0.646919	0.708852	0.722672	0.719672	0.762523	0.805538	0.839509	0.856909	0.857031	0.797897	0.740278	0.69485	0.678369	0.672398	0.617436	0.618152	0.619347	0.578792	0.574805	0.604405	0.642223	0.699578	0.769631	0.83437	0.853239	0.853173	0.852775	0.828541	0.808122	0.781525	0.747528	0.744725	0.761706	0.728377	0.627231	0.596278	0.582406	0.59455	0.677342	0.713358	0.761744	0.768394	0.755972	0.749817	0.742947	0.736973	0.729255	0.728058	0.739348	0.733677	0.714377	0.625988	0.589673	0.556492	0.488005	0.463856	0.460061	0.469203	0.520841	0.630695	0.776494	0.854495	0.873852	0.946155	0.966095	0.997806	1
1.2	0	0.00125313	0.00154844	0.0223094	0.0873125	0.373717	0.661458	0.866806	0.963088	0.996372	0.99832	0.998164	0.997589	0.987594	0.977186	0.949517	0.9142	0.895853	0.875875	0.88103	0.887394	0.886669	0.850328	0.792452	0.714186	0.68823	0.670689	0.654558	0.648853	0.647331	0.648217	0.640797	0.641169	0.637855	0.638708	0.657667	0.689156	0.695055	0.719239	0.740278	0.655488	0.598919	0.614169	0.615213	0.6397	0.659325	0.66735	0.68463	0.731177	0.741153	0.75543	0.764905	0.791955	0.775208	0.647006	0.598477	0.574834	0.563414	0.569497	0.596103	0.663116	0.698842	0.701867	0.683663	0.679527	0.72442	0.760702	0.795775	0.819048	0.861975	0.85562	0.831922	0.8282	0.834013	0.830584	0.822613	0.881258	0.89185	0.854456	0.779388	0.697698	0.649398	0.618492	0.581161	0.540353	0.5225	0.519017	0.530445	0.540805	0.58223	0.633967	0.755052	0.797973	0.887811	0.878911	0.817927	0.766206	0.756519	0.719058	0.699713	0.681028	0.655794	0.599927	0.565834	0.554025	0.525091	0.515147	0.551941	0.615086	0.677202	0.710472	0.710728	0.66335	0.660491	0.684969	0.65692	0.634278	0.617881	0.617691	0.628998	0.670311	0.71072	0.798489	0.860528	0.943292	0.973975	0.98135	1
1.3	0	0.00482969	0.0207641	0.106731	0.293531	0.411675	0.57047	0.76372	0.834913	0.895955	0.95592	0.990917	0.996927	0.98943	0.966167	0.956189	0.946725	0.924927	0.849525	0.760977	0.708058	0.671386	0.653816	0.648298	0.645309	0.648159	0.651958	0.67593	0.743169	0.758556	0.764978	0.771863	0.795722	0.824334	0.853939	0.852623	0.781536	0.681414	0.645827	0.630464	0.615858	0.605073	0.594606	0.579148	0.557194	0.561997	0.572703	0.60203	0.612302	0.635945	0.650409	0.648456	0.672952	0.721866	0.769123	0.811405	0.824897	0.829611	0.837611	0.826764	0.788134	0.769088	0.756109	0.746219	0.734712	0.711092	0.665777	0.655475	0.647134	0.645369	0.640373	0.630891	0.617109	0.619772	0.640281	0.652713	0.629145	0.656058	0.703228	0.714256	0.730631	0.747702	0.767128	0.753447	0.709169	0.687869	0.678925	0.654095	0.644875	0.647628	0.681361	0.704967	0.739225	0.765038	0.768958	0.763391	0.757541	0.759567	0.746738	0.727044	0.712298	0.711833	0.705803	0.713342	0.701138	0.707695	0.682856	0.639992	0.627384	0.624683	0.609891	0.589137	0.586186	0.591017	0.602527	0.613369	0.623752	0.66532	0.73402	0.777875	0.798933	0.816431	0.842753	0.879261	0.901095	0.935747	0.971409	1
1.4	0	0.00477188	0.0361156	0.150869	0.284881	0.387598	0.489366	0.558609	0.631622	0.689609	0.753428	0.822217	0.868695	0.906641	0.947173	0.945081	0.91245	0.878802	0.852353	0.829675	0.817817	0.814869	0.816725	0.818195	0.809003	0.797594	0.816214	0.821484	0.809577	0.799441	0.822436	0.827498	0.831825	0.825245	0.825792	0.820497	0.820239	0.792581	0.729436	0.704267	0.629939	0.569744	0.550589	0.531763	0.516594	0.52518	0.544647	0.548539	0.548536	0.555381	0.567372	0.560223	0.573767	0.629741	0.708216	0.740184	0.764281	0.817042	0.863434	0.880725	0.884247	0.882716	0.878719	0.867819	0.851817	0.843861	0.829948	0.793605	0.782637	0.756372	0.726883	0.67887	0.647858	0.62342	0.608302	0.593183	0.577378	0.547645	0.513772	0.500633	0.503342	0.509961	0.524859	0.555625	0.62983	0.685845	0.712114	0.756144	0.766509	0.758408	0.742058	0.745605	0.763869	0.787136	0.795141	0.799556	0.817795	0.839839	0.830244	0.804195	0.791467	0.788169	0.78875	0.787369	0.781422	0.765863	0.709528	0.633622	0.56623	0.555291	0.559038	0.554577	0.563861	0.569281	0.569998	0.571253	0.58557	0.620681	0.665066	0.701889	0.726305	0.759139	0.79908	0.861023	0.935464	0.983994	0.993284	1
1.5	0	0.0178281	0.0686469	0.125325	0.191753	0.272767	0.41727	0.575627	0.76593	0.88715	0.954459	0.984558	0.992041	0.993289	0.99273	0.992742	0.992991	0.993295	0.990128	0.976741	0.955203	0.921706	0.883672	0.826747	0.768161	0.711516	0.67443	0.651775	0.634864	0.614992	0.583462	0.574609	0.587322	0.616519	0.633511	0.655461	0.680845	0.69797	0.712202	0.718163	0.720673	0.720284	0.723463	0.737844	0.758322	0.784898	0.806709	0.84305	0.8736	0.848541	0.809052	0.779102	0.754383	0.737575	0.717359	0.701362	0.681444	0.652608	0.643513	0.654794	0.65087	0.612286	0.58675	0.584528	0.60397	0.63093	0.658564	0.66417	0.661797	0.648319	0.631269	0.605752	0.576147	0.560356	0.552133	0.548027	0.543019	0.557936	0.589714	0.623094	0.645486	0.665547	0.685097	0.712406	0.73615	0.759387	0.780661	0.810961	0.857127	0.881075	0.889113	0.882941	0.873103	0.855119	0.844655	0.835342	0.809191	0.755308	0.730736	0.679778	0.643437	0.627384	0.607667	0.579512	0.553089	0.529027	0.494538	0.456175	0.429005	0.423452	0.426025	0.442408	0.499219	0.580322	0.634331	0.683492	0.756613	0.812242	0.844636	0.876317	0.919738	0.93328	0.937406	0.94727	0.967238	0.988278	0.993677	1
1.6	0	0.0221984	0.0664187	0.112091	0.196627	0.307725	0.465786	0.642491	0.763269	0.829822	0.865406	0.891139	0.934755	0.968634	0.982628	0.990048	0.99133	0.992053	0.991644	0.991384	0.991056	0.989817	0.986172	0.979177	0.951747	0.885119	0.793103	0.713736	0.637519	0.572427	0.534106	0.508584	0.496237	0.487892	0.491058	0.499931	0.516375	0.545259	0.575798	0.598027	0.607708	0.610252	0.604764	0.604575	0.615198	0.640225	0.689988	0.748059	0.789672	0.830275	0.857191	0.859791	0.858638	0.847706	0.816238	0.784105	0.767309	0.750812	0.737106	0.725614	0.719533	0.723264	0.726673	0.75117	0.775005	0.801548	0.810492	0.769934	0.714175	0.668934	0.627936	0.604161	0.597364	0.591691	0.595403	0.596581	0.586484	0.582639	0.56902	0.551412	0.550147	0.554834	0.570992	0.588491	0.607342	0.626011	0.642852	0.676453	0.699709	0.719433	0.73947	0.777817	0.818261	0.852034	0.878252	0.90237	0.935316	0.947272	0.930038	0.901752	0.864972	0.837997	0.81155	0.771266	0.736113	0.693941	0.648445	0.605705	0.572559	0.555844	0.539486	0.524313	0.49988	0.480223	0.496836	0.5376	0.563019	0.586027	0.618127	0.650016	0.69567	0.765359	0.86142	0.938531	0.981033	0.988795	0.990756	1
1.7	0	0.0349016	0.0824078	0.151277	0.209173	0.278377	0.375994	0.495486	0.642264	0.794091	0.903775	0.952814	0.970588	0.981855	0.984745	0.983423	0.977723	0.965267	0.936739	0.892783	0.826466	0.738237	0.680659	0.642852	0.616633	0.596748	0.587013	0.585669	0.600159	0.622464	0.647288	0.678467	0.689422	0.687898	0.682309	0.682278	0.692362	0.701064	0.705234	0.703769	0.695391	0.678584	0.675405	0.664781	0.673722	0.708636	0.746941	0.769988	0.775173	0.766742	0.761222	0.754545	0.742811	0.736973	0.730341	0.730106	0.732611	0.734464	0.73155	0.724206	0.711902	0.707752	0.712845	0.732783	0.764881	0.79472	0.816011	0.832066	0.839722	0.847834	0.849011	0.849984	0.851187	0.846005	0.833877	0.815234	0.784767	0.739069	0.69652	0.697631	0.715534	0.715458	0.710416	0.700302	0.684647	0.672642	0.659438	0.653081	0.649316	0.647134	0.645814	0.646966	0.656509	0.67815	0.697545	0.704844	0.700919	0.694311	0.708327	0.695355	0.665086	0.640091	0.623191	0.602513	0.578131	0.545342	0.514719	0.492212	0.478911	0.476305	0.480161	0.49098	0.507195	0.532778	0.57243	0.632141	0.705642	0.77508	0.815813	0.854688	0.897213	0.946688	0.968703	0.976922	0.982092	0.984338	0.986827	1
1.8	0	0.0154594	0.0196969	0.0350469	0.0849078	0.180353	0.310898	0.43098	0.546847	0.6436	0.738727	0.804903	0.853798	0.893866	0.924527	0.943734	0.948503	0.946375	0.945095	0.942689	0.936105	0.929778	0.923678	0.919075	0.915184	0.914123	0.912988	0.912483	0.905959	0.896077	0.886916	0.869058	0.836641	0.800248	0.767645	0.745953	0.73607	0.728711	0.703969	0.67168	0.656614	0.645147	0.640216	0.640245	0.64233	0.651759	0.670188	0.682527	0.695081	0.709384	0.728045	0.757405	0.799666	0.835489	0.848434	0.857659	0.856648	0.851853	0.834261	0.825006	0.823086	0.804733	0.780158	0.746061	0.67347	0.609311	0.552514	0.500809	0.47143	0.455855	0.446027	0.443066	0.437909	0.43493	0.430111	0.428348	0.438783	0.45162	0.465617	0.474295	0.490066	0.506109	0.527714	0.565675	0.62518	0.672019	0.698281	0.71473	0.731308	0.754556	0.782227	0.82285	0.870691	0.908858	0.939727	0.961645	0.96907	0.969111	0.960916	0.940623	0.894356	0.846742	0.78723	0.739881	0.699333	0.668348	0.644398	0.615698	0.596856	0.582572	0.565339	0.564309	0.57553	0.596895	0.60807	0.606634	0.608117	0.616633	0.640386	0.678186	0.745684	0.803306	0.856859	0.914991	0.95892	0.973502	0.982992	1
1.9	0	0.0261922	0.0429094	0.0756625	0.149083	0.265452	0.386894	0.519245	0.635656	0.723455	0.802953	0.860603	0.914981	0.955384	0.966645	0.971522	0.972763	0.973389	0.973205	0.970495	0.971116	0.968753	0.955453	0.924394	0.873048	0.824798	0.781794	0.728859	0.694081	0.669433	0.654272	0.648267	0.647961	0.652017	0.660441	0.669356	0.674911	0.680416	0.681312	0.679595	0.67427	0.670419	0.669636	0.681003	0.702245	0.731133	0.752045	0.761823	0.763884	0.759013	0.745539	0.726722	0.709453	0.706881	0.716211	0.731328	0.745941	0.758664	0.776877	0.79223	0.791903	0.777455	0.749819	0.712941	0.679053	0.663683	0.651275	0.651587	0.652188	0.647802	0.642275	0.643244	0.643297	0.649248	0.656084	0.656169	0.647909	0.641156	0.636039	0.634605	0.643291	0.655764	0.660817	0.667687	0.674377	0.665375	0.6545	0.63808	0.618703	0.587366	0.557519	0.529277	0.512975	0.509389	0.51637	0.535239	0.571352	0.62242	0.676338	0.715956	0.741127	0.761216	0.779183	0.798755	0.81542	0.806617	0.802402	0.795239	0.795886	0.793119	0.785253	0.776986	0.763292	0.7384	0.708531	0.685403	0.670227	0.666166	0.672	0.693312	0.721319	0.763569	0.832733	0.902706	0.947452	0.966375	0.976267	1
2	0	0.0371625	0.0691953	0.107978	0.153452	0.200977	0.264131	0.348313	0.447842	0.561362	0.691245	0.792494	0.857769	0.904545	0.93137	0.948409	0.956628	0.959431	0.962023	0.963084	0.960948	0.957692	0.957328	0.958075	0.959223	0.962803	0.961428	0.954284	0.943108	0.930553	0.911159	0.886059	0.868828	0.847023	0.822281	0.792162	0.757756	0.733662	0.717558	0.704822	0.690555	0.684695	0.679422	0.679378	0.677386	0.667786	0.650203	0.633708	0.611227	0.589778	0.562283	0.534666	0.523939	0.520139	0.521089	0.543153	0.565183	0.584967	0.610431	0.636203	0.651453	0.650275	0.650548	0.65438	0.660383	0.665119	0.670042	0.678819	0.690561	0.696859	0.69757	0.69345	0.688334	0.688573	0.692302	0.710963	0.727209	0.739306	0.75775	0.774486	0.78972	0.797016	0.803153	0.80758	0.814545	0.841033	0.871534	0.878141	0.877856	0.873806	0.867519	0.858242	0.85213	0.837709	0.817716	0.790511	0.759469	0.727458	0.696588	0.666906	0.635517	0.613898	0.592502	0.568811	0.547297	0.533886	0.527006	0.521038	0.526352	0.540611	0.551602	0.561538	0.565791	0.56713	0.573747	0.575123	0.585408	0.594527	0.617356	0.667787	0.741486	0.804741	0.864917	0.905531	0.930352	0.947441	0.962797	1
2.1	0	0.0408188	0.0701406	0.113173	0.181741	0.264331	0.346734	0.441941	0.52383	0.588047	0.651545	0.717705	0.759959	0.791798	0.804348	0.812639	0.825705	0.8398	0.858378	0.881103	0.90198	0.913045	0.920014	0.914173	0.898756	0.872322	0.849612	0.832247	0.815691	0.795667	0.779913	0.759825	0.728472	0.692852	0.664817	0.64337	0.628836	0.615913	0.610088	0.606712	0.607277	0.612147	0.620803	0.633709	0.649677	0.6623	0.67013	0.679866	0.693705	0.719398	0.748175	0.774827	0.796539	0.8196	0.84737	0.870609	0.882567	0.88517	0.877825	0.869428	0.857281	0.844423	0.83457	0.829489	0.840108	0.868113	0.898517	0.922281	0.94002	0.9452	0.944866	0.940777	0.933145	0.915744	0.888461	0.851566	0.819819	0.79393	0.7696	0.747527	0.729319	0.712914	0.695897	0.678102	0.650278	0.615461	0.569255	0.525602	0.483394	0.452914	0.429313	0.405864	0.380489	0.362158	0.349148	0.336406	0.335617	0.344227	0.348756	0.356139	0.364455	0.391506	0.43838	0.49597	0.553341	0.610406	0.662786	0.698334	0.730461	0.748862	0.766577	0.783427	0.800736	0.810103	0.825544	0.843869	0.862452	0.880516	0.896455	0.907092	0.916119	0.919247	0.91955	0.922092	0.927931	0.940411	0.959091	1
2.2	0	0.0916313	0.165497	0.229094	0.284792	0.338489	0.400523	0.449714	0.494852	0.5452	0.607812	0.683055	0.759148	0.81682	0.854986	0.875666	0.89222	0.900039	0.910044	0.915514	0.918838	0.919453	0.921359	0.917833	0.911089	0.900461	0.89452	0.891353	0.889513	0.884253	0.887613	0.890516	0.890088	0.884706	0.872192	0.839789	0.792775	0.7367	0.691591	0.661138	0.653614	0.662556	0.678989	0.693119	0.710134	0.721753	0.732688	0.748369	0.749259	0.74942	0.730686	0.707278	0.679428	0.648592	0.629011	0.626116	0.633205	0.645959	0.643384	0.628098	0.609406	0.58818	0.573353	0.570727	0.57735	0.59212	0.611094	0.633711	0.657186	0.695558	0.726566	0.750502	0.772936	0.787492	0.794409	0.801925	0.802339	0.799122	0.793594	0.790347	0.787939	0.788483	0.791331	0.793709	0.785859	0.758786	0.725425	0.702209	0.678345	0.666269	0.659061	0.655008	0.657088	0.653672	0.642669	0.636022	0.624788	0.618289	0.622002	0.628469	0.622409	0.613289	0.608047	0.60547	0.614534	0.637822	0.669869	0.688875	0.696278	0.69512	0.680181	0.659727	0.635361	0.6196	0.611977	0.612875	0.61672	0.627117	0.6421	0.670806	0.719855	0.761753	0.803506	0.850192	0.887842	0.918255	0.946109	1
2.3	0	0.105283	0.208213	0.302045	0.392173	0.491442	0.577481	0.645853	0.71512	0.773517	0.827142	0.866113	0.884486	0.889597	0.888498	0.883358	0.872967	0.867163	0.862322	0.853005	0.837931	0.823923	0.8105	0.804817	0.807448	0.816877	0.835489	0.844794	0.845288	0.84073	0.832298	0.816217	0.7954	0.775622	0.766688	0.760358	0.754898	0.745266	0.740142	0.744852	0.752695	0.755073	0.757009	0.761539	0.759205	0.749513	0.740411	0.728659	0.725959	0.716889	0.706859	0.689106	0.666997	0.646467	0.627905	0.612042	0.600478	0.587638	0.576916	0.571273	0.567355	0.56287	0.561378	0.551316	0.544225	0.540364	0.537703	0.538764	0.546262	0.567986	0.587105	0.599586	0.611314	0.621844	0.631313	0.644697	0.662545	0.686919	0.71217	0.74115	0.757956	0.775333	0.798489	0.813173	0.818472	0.816403	0.807684	0.800372	0.7956	0.793097	0.789995	0.790834	0.78722	0.782577	0.779142	0.780463	0.781062	0.781353	0.774108	0.757125	0.742548	0.722113	0.701678	0.683559	0.66852	0.640908	0.608561	0.582002	0.571097	0.573472	0.575672	0.5759	0.566577	0.561462	0.559109	0.56622	0.584488	0.608963	0.641847	0.681975	0.726139	0.760427	0.788497	0.819575	0.849506	0.880778	0.924695	1
2.4	0	0.0822203	0.139377	0.202325	0.271378	0.341445	0.425588	0.515709	0.614363	0.696202	0.748005	0.77822	0.799472	0.808003	0.805544	0.802019	0.802767	0.803195	0.803844	0.811084	0.81852	0.819794	0.817008	0.809075	0.798803	0.787058	0.774305	0.760525	0.7535	0.752136	0.760878	0.770936	0.782166	0.781455	0.773873	0.765297	0.765613	0.770306	0.775897	0.782709	0.79293	0.801747	0.808217	0.815	0.812678	0.80685	0.792823	0.770748	0.741725	0.709436	0.676472	0.656586	0.637789	0.622191	0.612905	0.615159	0.626777	0.641011	0.660342	0.682022	0.700678	0.718867	0.723361	0.721281	0.708894	0.70018	0.687506	0.67675	0.661594	0.647478	0.641781	0.650083	0.663852	0.685509	0.702848	0.721838	0.743428	0.758516	0.765823	0.770097	0.772886	0.77603	0.782198	0.792092	0.801436	0.799641	0.793208	0.78388	0.776802	0.76623	0.744252	0.71598	0.684267	0.666341	0.660659	0.668228	0.692178	0.713945	0.727528	0.744614	0.755416	0.756217	0.754939	0.739656	0.715228	0.684927	0.659173	0.633883	0.613423	0.601111	0.595609	0.597628	0.598216	0.599259	0.605545	0.612752	0.621186	0.624672	0.631858	0.650469	0.670869	0.693572	0.73127	0.774398	0.822186	0.870841	0.920481	1
2.5	0	0.188219	0.34333	0.457892	0.540831	0.600298	0.637192	0.663834	0.690333	0.720041	0.754803	0.78498	0.807533	0.818922	0.826505	0.822652	0.809875	0.790283	0.76293	0.746864	0.738844	0.731223	0.718619	0.70965	0.697002	0.682513	0.677208	0.680312	0.683345	0.692239	0.699827	0.705647	0.71525	0.729739	0.738398	0.744602	0.747614	0.760975	0.772009	0.775656	0.774056	0.772363	0.762498	0.754683	0.751006	0.749691	0.747736	0.747708	0.75343	0.761464	0.765189	0.760123	0.754392	0.744913	0.733922	0.721914	0.705692	0.698742	0.695611	0.699217	0.7005	0.698711	0.698164	0.692905	0.686802	0.681631	0.675259	0.6678	0.674602	0.681811	0.692831	0.700528	0.703744	0.694466	0.680242	0.664827	0.655763	0.650616	0.647811	0.647863	0.65183	0.647469	0.646608	0.651809	0.666838	0.683663	0.695219	0.704494	0.713416	0.717948	0.722377	0.727386	0.732427	0.736467	0.741164	0.73842	0.731994	0.724767	0.721948	0.717695	0.708302	0.692378	0.684386	0.675327	0.666859	0.665631	0.66577	0.657927	0.653564	0.648548	0.644553	0.629623	0.617752	0.607558	0.604567	0.616319	0.640681	0.670908	0.698683	0.728883	0.750648	0.769527	0.789559	0.806092	0.832231	0.868533	0.913605	1
2.6	0	0.195106	0.363284	0.472875	0.547539	0.580253	0.597261	0.608852	0.611617	0.616275	0.61842	0.616067	0.627608	0.646813	0.675977	0.699636	0.714253	0.726839	0.74162	0.756528	0.770113	0.78275	0.793983	0.795928	0.797817	0.806922	0.817652	0.822373	0.819684	0.810509	0.803047	0.797289	0.788653	0.78015	0.7695	0.755605	0.743977	0.736833	0.725858	0.717802	0.709417	0.709056	0.717325	0.731628	0.74808	0.760167	0.766434	0.76765	0.75717	0.744041	0.726891	0.708205	0.68957	0.671916	0.662214	0.649891	0.636711	0.631727	0.633855	0.640578	0.654928	0.667423	0.679561	0.686817	0.692803	0.692764	0.688317	0.681836	0.672069	0.661344	0.660383	0.670764	0.684555	0.700477	0.713131	0.719039	0.721802	0.720386	0.718263	0.70848	0.702644	0.699092	0.695291	0.696291	0.693377	0.692911	0.693206	0.693983	0.702133	0.712189	0.715447	0.714455	0.710786	0.703411	0.697711	0.690752	0.68802	0.692306	0.697222	0.708261	0.721864	0.736053	0.744042	0.750511	0.7493	0.750152	0.749339	0.745911	0.742808	0.733902	0.72423	0.726384	0.733788	0.741183	0.738178	0.733316	0.720117	0.706156	0.691848	0.676844	0.661155	0.66012	0.674297	0.696081	0.726442	0.785542	0.871581	1
2.7	0	0.173961	0.30895	0.411006	0.484297	0.5368	0.578539	0.606253	0.630448	0.656953	0.68402	0.711878	0.731381	0.746394	0.756981	0.761856	0.769877	0.779225	0.785536	0.790553	0.794089	0.789186	0.779969	0.773345	0.769181	0.757539	0.742605	0.741533	0.746127	0.746891	0.745467	0.743895	0.741367	0.735211	0.723066	0.710195	0.703028	0.701838	0.710769	0.72757	0.73825	0.750677	0.760953	0.767992	0.771391	0.768997	0.766758	0.766917	0.772786	0.775845	0.778227	0.776253	0.770597	0.760175	0.747211	0.73065	0.714581	0.702014	0.693652	0.688797	0.687547	0.702588	0.71768	0.725983	0.725402	0.726534	0.724216	0.714473	0.703609	0.686786	0.669413	0.659414	0.655997	0.660245	0.666255	0.68015	0.687956	0.707806	0.716011	0.717931	0.711136	0.704564	0.695156	0.694923	0.704375	0.714013	0.71918	0.719978	0.717417	0.711736	0.704373	0.70033	0.708338	0.716758	0.710261	0.699391	0.687161	0.680684	0.676295	0.673302	0.6665	0.658709	0.658873	0.657733	0.650359	0.646602	0.639834	0.638475	0.644266	0.660389	0.680077	0.691416	0.691261	0.684156	0.676161	0.672664	0.67915	0.690422	0.71072	0.727728	0.735772	0.739177	0.739711	0.746314	0.765663	0.804211	0.869353	1
2.8	0	0.232292	0.399305	0.512553	0.586481	0.637691	0.658366	0.664008	0.664822	0.667112	0.669958	0.671214	0.670467	0.6714	0.672045	0.676773	0.687073	0.702781	0.717647	0.730838	0.740509	0.744908	0.748575	0.749981	0.75308	0.751269	0.751706	0.754584	0.758191	0.761547	0.764534	0.763897	0.76048	0.758003	0.763053	0.773127	0.779386	0.779325	0.773548	0.768008	0.762583	0.76245	0.756884	0.753294	0.7518	0.75442	0.753466	0.748898	0.740712	0.73492	0.731967	0.735209	0.734648	0.732583	0.732413	0.729355	0.71253	0.69845	0.693716	0.698123	0.707477	0.717213	0.726502	0.733983	0.735625	0.737863	0.741203	0.746664	0.750994	0.758639	0.761031	0.761091	0.762523	0.75717	0.746197	0.737586	0.731066	0.726503	0.721131	0.716273	0.711639	0.701247	0.687192	0.682898	0.688116	0.689517	0.688266	0.69243	0.696278	0.701044	0.696722	0.696127	0.700434	0.693867	0.682006	0.668078	0.659566	0.658614	0.665895	0.675477	0.68243	0.686659	0.692578	0.705864	0.717938	0.725694	0.725119	0.714366	0.697159	0.671592	0.646275	0.619408	0.606545	0.598239	0.593345	0.592398	0.602053	0.612838	0.634855	0.650767	0.663363	0.669798	0.683644	0.707242	0.738881	0.782058	0.85935	1
2.9	0	0.226344	0.388248	0.49797	0.564622	0.605242	0.624366	0.636266	0.643511	0.653077	0.660038	0.665341	0.676548	0.685527	0.695747	0.70623	0.713364	0.714244	0.711681	0.709423	0.712803	0.715598	0.71505	0.709788	0.698452	0.689642	0.68047	0.674837	0.675805	0.668414	0.659691	0.659697	0.664134	0.669244	0.67665	0.679638	0.678547	0.675759	0.671622	0.665992	0.662589	0.668183	0.682092	0.692092	0.6973	0.698111	0.704311	0.717655	0.726492	0.724381	0.719005	0.706942	0.702105	0.69843	0.700781	0.707609	0.714605	0.711619	0.716834	0.726792	0.72943	0.730005	0.727178	0.726586	0.728883	0.728612	0.733392	0.740769	0.743406	0.748045	0.744473	0.746852	0.751817	0.752273	0.746842	0.746305	0.74775	0.7506	0.754683	0.755573	0.75365	0.756261	0.751088	0.740605	0.728827	0.720288	0.717973	0.724067	0.728234	0.734355	0.74032	0.742305	0.739727	0.732669	0.718131	0.710452	0.701205	0.696208	0.695878	0.692981	0.695023	0.697464	0.699269	0.702297	0.710575	0.72513	0.73775	0.746233	0.746938	0.749256	0.746239	0.740311	0.733338	0.722753	0.711369	0.704473	0.70767	0.709769	0.708883	0.70228	0.704613	0.714434	0.733027	0.747809	0.76933	0.807044	0.872042	1
3	0	0.261402	0.432256	0.539775	0.609391	0.652053	0.672361	0.681527	0.685152	0.689034	0.689506	0.692178	0.688802	0.685473	0.685241	0.691061	0.698922	0.709159	0.715244	0.721778	0.726152	0.726273	0.72348	0.719984	0.712422	0.707745	0.703917	0.707478	0.710989	0.716891	0.721822	0.719275	0.713994	0.709612	0.706681	0.697081	0.685856	0.686717	0.692553	0.70537	0.717139	0.72568	0.728273	0.724255	0.72122	0.717242	0.717469	0.72302	0.729116	0.73495	0.730378	0.726438	0.716216	0.707094	0.697323	0.684569	0.674648	0.667198	0.661955	0.657894	0.657342	0.654486	0.656823	0.660461	0.671998	0.688138	0.703717	0.712308	0.714228	0.71563	0.714166	0.712303	0.712955	0.718545	0.724316	0.730289	0.737581	0.742869	0.741092	0.734917	0.732228	0.729278	0.7253	0.724692	0.728159	0.732359	0.729834	0.727323	0.728341	0.734297	0.735995	0.736388	0.739414	0.737138	0.721513	0.706919	0.699017	0.695556	0.69555	0.70092	0.706516	0.709763	0.704075	0.696031	0.692239	0.702089	0.709358	0.713183	0.720986	0.722589	0.716008	0.709308	0.704053	0.701256	0.705789	0.707014	0.708475	0.707166	0.710609	0.715113	0.720478	0.724097	0.732242	0.739139	0.7567	0.790347	0.85587	1
3.1	0	0.296309	0.493319	0.613717	0.674978	0.70722	0.725667	0.738175	0.744698	0.746478	0.74483	0.739863	0.730961	0.724089	0.721678	0.723292	0.726684	0.734684	0.744833	0.749125	0.754198	0.752675	0.750295	0.747081	0.738269	0.732542	0.72555	0.719359	0.72467	0.733423	0.746009	0.75813	0.762125	0.759216	0.748644	0.732892	0.72157	0.71987	0.71913	0.721902	0.726944	0.727033	0.720786	0.709302	0.697697	0.694256	0.689198	0.688756	0.688973	0.686425	0.678556	0.675787	0.673634	0.675184	0.683622	0.693414	0.699455	0.701939	0.705378	0.706195	0.706648	0.713227	0.719227	0.722317	0.730617	0.735241	0.732091	0.730478	0.728087	0.724995	0.715252	0.707545	0.706992	0.709064	0.711427	0.71138	0.709588	0.709141	0.706755	0.700636	0.693605	0.69797	0.698114	0.698342	0.699339	0.699577	0.698522	0.693469	0.689484	0.696647	0.701944	0.708542	0.712716	0.715523	0.712847	0.70805	0.700861	0.690169	0.686356	0.684116	0.68173	0.679995	0.680055	0.688706	0.701277	0.71158	0.719283	0.717097	0.711147	0.705495	0.700052	0.696138	0.696273	0.695711	0.683509	0.666541	0.655938	0.656586	0.652555	0.645581	0.643392	0.634369	0.629806	0.642503	0.66927	0.726752	0.822636	1
3.2	0	0.346094	0.537419	0.637822	0.681442	0.696852	0.694833	0.687086	0.68522	0.681091	0.679164	0.679423	0.682133	0.689666	0.695605	0.700163	0.703452	0.707072	0.70952	0.71185	0.714648	0.715842	0.713717	0.712542	0.707634	0.705788	0.706483	0.70287	0.703197	0.706133	0.711125	0.712023	0.716642	0.722506	0.727109	0.727931	0.726611	0.724158	0.719964	0.715464	0.713997	0.717781	0.725594	0.731925	0.736922	0.742234	0.743077	0.745706	0.747812	0.746011	0.739845	0.735808	0.727789	0.724547	0.721995	0.719017	0.713208	0.707756	0.70472	0.700116	0.698073	0.697934	0.698106	0.697833	0.69868	0.698506	0.698164	0.699159	0.695217	0.698553	0.707978	0.717469	0.724684	0.721102	0.720341	0.719736	0.722809	0.72283	0.722695	0.720459	0.723452	0.723133	0.724738	0.724863	0.72573	0.718692	0.708267	0.6958	0.685316	0.681397	0.683023	0.690323	0.691517	0.687345	0.688581	0.690638	0.69143	0.689878	0.684312	0.684694	0.681622	0.678886	0.685259	0.689638	0.692742	0.693323	0.695811	0.693856	0.69087	0.690369	0.684145	0.681994	0.680234	0.682716	0.685383	0.6899	0.693816	0.695708	0.700011	0.708138	0.709802	0.712527	0.716825	0.722097	0.733539	0.762973	0.831767	1
3.3	0	0.337095	0.522611	0.61417	0.655298	0.674717	0.677752	0.689556	0.697725	0.701511	0.703144	0.702616	0.698483	0.693738	0.687433	0.682189	0.671547	0.66653	0.660705	0.659569	0.653955	0.647127	0.646516	0.6497	0.661656	0.681389	0.699267	0.707916	0.713928	0.713395	0.706981	0.700189	0.698167	0.699617	0.701531	0.705556	0.717439	0.724763	0.729989	0.730047	0.731466	0.728033	0.726036	0.722948	0.724659	0.726834	0.734034	0.736083	0.739356	0.736381	0.73428	0.729933	0.7271	0.72278	0.722002	0.718692	0.721403	0.718828	0.717612	0.719516	0.717011	0.713259	0.711766	0.709016	0.709986	0.708628	0.706017	0.708512	0.70813	0.704914	0.70378	0.70363	0.699853	0.699261	0.697045	0.693692	0.689631	0.684642	0.685994	0.69123	0.694717	0.694483	0.695713	0.703725	0.708572	0.711595	0.712469	0.713105	0.715992	0.713562	0.708844	0.705425	0.701923	0.703795	0.706091	0.707041	0.706608	0.703536	0.703517	0.700933	0.703656	0.714702	0.718245	0.716827	0.714352	0.714834	0.71543	0.711052	0.709995	0.709644	0.713956	0.722006	0.731397	0.735392	0.734619	0.727488	0.719719	0.718378	0.721717	0.724352	0.726942	0.731178	0.726656	0.726433	0.735519	0.763877	0.832064	1
3.4	0	0.413725	0.603877	0.680063	0.712061	0.719373	0.723052	0.725919	0.729208	0.732844	0.736353	0.740328	0.738753	0.738589	0.737528	0.735231	0.727005	0.723948	0.724395	0.72095	0.720127	0.72477	0.727902	0.725872	0.723848	0.722889	0.720667	0.719748	0.712225	0.702877	0.691283	0.674472	0.663978	0.665578	0.671067	0.675756	0.679845	0.687773	0.695516	0.6998	0.700253	0.698466	0.6916	0.679606	0.671266	0.665177	0.665544	0.664827	0.664009	0.663598	0.665766	0.670511	0.680222	0.699977	0.710725	0.718053	0.723806	0.722817	0.715683	0.705906	0.705252	0.709788	0.712327	0.713561	0.716578	0.722942	0.724605	0.724802	0.721291	0.713523	0.706403	0.697061	0.68653	0.681717	0.682177	0.68865	0.690078	0.689486	0.69557	0.700767	0.702848	0.704438	0.707436	0.705937	0.70628	0.705419	0.708417	0.714609	0.71305	0.714748	0.714416	0.714667	0.712647	0.712073	0.714803	0.716108	0.719595	0.715633	0.715627	0.712883	0.714941	0.71673	0.713052	0.710931	0.712011	0.711581	0.714572	0.717233	0.716686	0.716425	0.712381	0.710075	0.703	0.696078	0.690836	0.688644	0.688669	0.690386	0.691827	0.689627	0.691789	0.690041	0.688397	0.691775	0.708572	0.743856	0.819703	1
3.5	0	0.387214	0.576595	0.660828	0.694345	0.70525	0.706434	0.708105	0.707972	0.709669	0.708655	0.708061	0.711	0.712494	0.715178	0.722861	0.729019	0.729289	0.728256	0.727259	0.730233	0.731959	0.731863	0.732345	0.731497	0.731105	0.732634	0.735394	0.737255	0.734984	0.733239	0.729475	0.721089	0.7137	0.70818	0.70697	0.704538	0.701059	0.702972	0.705444	0.705125	0.702714	0.698292	0.69667	0.694461	0.699277	0.701356	0.702213	0.702477	0.704644	0.701695	0.696945	0.693127	0.694733	0.701138	0.707656	0.710913	0.707913	0.701942	0.699388	0.697934	0.691639	0.687373	0.684622	0.67898	0.675984	0.675977	0.680105	0.688837	0.695634	0.703412	0.703417	0.705648	0.711186	0.713547	0.714283	0.713911	0.712919	0.712323	0.714697	0.716819	0.718994	0.721389	0.720803	0.724137	0.728922	0.728659	0.722636	0.716495	0.713206	0.710106	0.707541	0.704684	0.701781	0.699495	0.69935	0.696833	0.690998	0.682864	0.676911	0.674936	0.676995	0.683777	0.686634	0.68933	0.69123	0.693805	0.692913	0.691247	0.690113	0.693209	0.697502	0.702728	0.707305	0.711745	0.713267	0.708956	0.702744	0.696541	0.691359	0.686775	0.684233	0.685567	0.691555	0.712322	0.748205	0.824422	1
3.6	0	0.38303	0.564111	0.639014	0.669484	0.679066	0.686125	0.689963	0.69078	0.69132	0.693763	0.69765	0.702581	0.706666	0.709898	0.711486	0.721056	0.733113	0.743042	0.746722	0.747113	0.748541	0.750352	0.75013	0.751808	0.750931	0.747263	0.741606	0.73547	0.729044	0.721286	0.706281	0.698609	0.693453	0.691767	0.692533	0.695584	0.697631	0.698909	0.697217	0.695931	0.697653	0.700198	0.696069	0.690439	0.684373	0.683163	0.682025	0.677792	0.682603	0.688277	0.69143	0.698089	0.701544	0.702561	0.706497	0.708548	0.711683	0.712119	0.710714	0.709231	0.707634	0.702208	0.698605	0.699891	0.700636	0.697758	0.693169	0.687	0.687886	0.687734	0.690547	0.698331	0.705442	0.713953	0.718183	0.721417	0.728327	0.728558	0.724455	0.726114	0.727184	0.72852	0.728547	0.723533	0.72498	0.728644	0.728994	0.730194	0.734209	0.734409	0.731891	0.728662	0.725623	0.723466	0.720975	0.720673	0.718745	0.715998	0.716464	0.710378	0.704491	0.702216	0.705845	0.708011	0.707795	0.707666	0.705359	0.701713	0.701823	0.697269	0.688955	0.683944	0.676486	0.670452	0.669002	0.668517	0.668467	0.669431	0.677764	0.680072	0.677958	0.677614	0.682083	0.691619	0.720981	0.800758	1
3.7	0	0.430481	0.618939	0.693584	0.722948	0.731653	0.733133	0.73217	0.730709	0.725205	0.722044	0.714458	0.706586	0.704561	0.703442	0.701867	0.701941	0.697745	0.693798	0.691814	0.686928	0.684269	0.681048	0.684745	0.692669	0.693386	0.693875	0.698295	0.698527	0.698781	0.7012	0.701395	0.701298	0.701994	0.700672	0.698752	0.696844	0.695006	0.695728	0.699998	0.702559	0.704925	0.701959	0.700675	0.698252	0.693469	0.688508	0.690841	0.69202	0.688477	0.685728	0.682917	0.680428	0.684248	0.689937	0.701869	0.706567	0.711697	0.71387	0.717298	0.718698	0.718803	0.717025	0.717414	0.717975	0.723191	0.729339	0.732706	0.731881	0.73555	0.734992	0.735245	0.739681	0.742398	0.739959	0.736108	0.733147	0.730963	0.728258	0.728041	0.729439	0.729028	0.729256	0.723114	0.711903	0.702406	0.696484	0.689753	0.68675	0.687802	0.688533	0.690578	0.689233	0.69093	0.691008	0.692755	0.693683	0.697528	0.697919	0.696867	0.696052	0.695836	0.693806	0.693617	0.691508	0.689078	0.685211	0.686167	0.688366	0.690077	0.694764	0.699298	0.704972	0.707123	0.703794	0.697573	0.692683	0.689981	0.690227	0.69125	0.694508	0.704064	0.711986	0.712336	0.722911	0.749591	0.819705	1
3.8	0	0.415928	0.589364	0.658275	0.689066	0.701886	0.708978	0.710792	0.709844	0.712194	0.710612	0.709002	0.710736	0.710973	0.712727	0.714467	0.715284	0.718383	0.717134	0.717492	0.710578	0.707934	0.707225	0.70663	0.706716	0.705506	0.702023	0.696189	0.696664	0.697195	0.702759	0.706111	0.702736	0.69863	0.699523	0.702773	0.711284	0.717055	0.719273	0.716552	0.711025	0.707117	0.700684	0.699538	0.701095	0.700655	0.700214	0.698869	0.699258	0.702553	0.706078	0.708123	0.70577	0.704525	0.701109	0.698331	0.697036	0.695853	0.696213	0.69817	0.698606	0.695019	0.692753	0.69048	0.692102	0.692478	0.689534	0.684638	0.682642	0.689131	0.693823	0.695989	0.691813	0.691295	0.692263	0.693533	0.695683	0.694128	0.687887	0.678973	0.674989	0.672177	0.674297	0.673981	0.67568	0.676136	0.67658	0.680397	0.684011	0.692945	0.700395	0.702156	0.702019	0.704823	0.709206	0.71093	0.709711	0.70548	0.702742	0.701858	0.700384	0.697208	0.697608	0.696969	0.701255	0.7077	0.71302	0.720725	0.728803	0.732425	0.730748	0.729711	0.734105	0.736152	0.73832	0.743953	0.745611	0.746861	0.742894	0.737169	0.734866	0.73712	0.738166	0.740964	0.744848	0.7653	0.826683	1
3.9	0	0.421706	0.592694	0.659825	0.684588	0.695689	0.70407	0.705711	0.710028	0.713564	0.718172	0.718077	0.715848	0.714052	0.714933	0.714408	0.713875	0.717502	0.715383	0.716498	0.716844	0.716128	0.715105	0.714627	0.7156	0.717909	0.714841	0.711625	0.708966	0.70422	0.696884	0.691613	0.686966	0.681128	0.678223	0.677764	0.676553	0.674995	0.675713	0.677109	0.6804	0.678725	0.679194	0.678877	0.683163	0.687873	0.689894	0.69473	0.699509	0.702173	0.70293	0.705211	0.709514	0.712883	0.714223	0.716419	0.719845	0.719206	0.721247	0.719553	0.723977	0.721	0.71645	0.717809	0.717498	0.722594	0.722059	0.724014	0.723823	0.720441	0.712748	0.703842	0.703944	0.706422	0.708652	0.711553	0.713084	0.715214	0.717217	0.718147	0.716888	0.715222	0.711398	0.708989	0.709438	0.710413	0.710497	0.710019	0.711294	0.712363	0.710353	0.708359	0.704958	0.705083	0.704878	0.702575	0.703828	0.707213	0.709269	0.711919	0.714745	0.718777	0.723139	0.724727	0.721202	0.718297	0.7117	0.706617	0.703023	0.70255	0.697781	0.690611	0.690973	0.687127	0.682539	0.68185	0.689491	0.692806	0.695689	0.698045	0.698042	0.694519	0.698264	0.70055	0.708152	0.731838	0.798064	1
