1	0	0.0692625	0.301553	0.423478	0.506941	0.639609	0.818041	0.966666	0.998506	0.999563	0.999128	0.995384	0.911244	0.885613	0.851878	0.727578	0.620909	0.596488	0.587037	0.58055	0.594638	0.609816	0.628466	0.647919	0.657953	0.673491	0.685028	0.697788	0.696834	0.713612	0.723063	0.762303	0.708897	0.725966	0.717897	0.713503	0.720016	0.728034	0.701144	0.759906	0.740984	0.825147	0.829734	0.858541	0.946459	0.970797	0.997075	0.903709	0.761013	0.642416	0.569441	0.491231	0.400575	0.300578	0.302216	0.325619	0.509297	0.582963	0.725697	0.853728	0.916653	0.997875	0.999428	1
1.1	0	0.00086875	0.0189375	0.296197	0.539259	0.630988	0.73885	0.930066	0.998903	0.998644	0.967081	0.91945	0.871659	0.855694	0.766291	0.749841	0.74295	0.752809	0.778069	0.815231	0.8632	0.880984	0.905263	0.812538	0.719675	0.636553	0.588803	0.518172	0.474491	0.440363	0.401572	0.430819	0.460984	0.529156	0.610425	0.755131	0.788106	0.856019	0.941641	0.983581	0.999103	0.999231	0.999313	0.999303	0.999428	0.993331	0.907106	0.829725	0.73225	0.593087	0.495084	0.420637	0.356291	0.30215	0.2854	0.32545	0.495234	0.668325	0.7554	0.864819	0.902653	0.916244	0.988047	1
1.2	0	0.00141875	0.003025	0.0719656	0.204772	0.485581	0.812297	0.975506	0.998272	0.998409	0.998213	0.9983	0.996959	0.938116	0.89555	0.766206	0.721781	0.731834	0.738956	0.697625	0.700634	0.71315	0.728703	0.739856	0.761134	0.795563	0.794838	0.770281	0.751419	0.752353	0.760547	0.772378	0.795166	0.790609	0.782894	0.719797	0.677725	0.667397	0.655122	0.640884	0.649059	0.653759	0.660509	0.604853	0.586966	0.565566	0.540725	0.524822	0.521306	0.535	0.552288	0.56525	0.585966	0.658494	0.736341	0.764094	0.799278	0.813791	0.846913	0.918678	0.940791	0.970119	0.997072	1
1.3	0	0.00255	0.00436563	0.0512281	0.437103	0.663819	0.789506	0.834037	0.866709	0.868831	0.86255	0.858688	0.857303	0.860716	0.863806	0.865872	0.868534	0.870803	0.8755	0.888431	0.937872	0.968369	0.989497	0.997256	0.9977	0.980681	0.908103	0.863116	0.823409	0.731725	0.6294	0.582769	0.558956	0.533141	0.514134	0.499831	0.483431	0.478303	0.482831	0.497394	0.517891	0.545094	0.611853	0.690603	0.708666	0.703844	0.690488	0.676009	0.657694	0.636038	0.639409	0.644591	0.661188	0.682463	0.687794	0.692006	0.725497	0.714678	0.714781	0.756919	0.8238	0.970716	0.996584	1
1.4	0	0.00439063	0.00589063	0.0340844	0.110387	0.242641	0.498678	0.783644	0.959716	0.99165	0.994594	0.994797	0.995325	0.994528	0.99365	0.988222	0.921997	0.843653	0.780522	0.715097	0.665556	0.626984	0.597822	0.567141	0.526284	0.513041	0.515894	0.520503	0.531494	0.549153	0.583588	0.659006	0.776219	0.843034	0.872516	0.880319	0.884856	0.886066	0.890453	0.890944	0.881781	0.873775	0.862031	0.829266	0.794253	0.734203	0.62035	0.552319	0.534	0.529947	0.526775	0.519947	0.528041	0.528644	0.555528	0.618313	0.784606	0.921928	0.988731	0.994266	0.994463	0.9947	0.994672	1
1.5	0	0.00995313	0.0743687	0.2143	0.422272	0.537622	0.6241	0.6644	0.676831	0.685753	0.691403	0.697656	0.707844	0.722087	0.736447	0.752159	0.730875	0.719619	0.735237	0.792778	0.819647	0.830222	0.834647	0.854172	0.901416	0.966438	0.985444	0.990981	0.990675	0.991809	0.991888	0.9919	0.991644	0.990863	0.987572	0.970247	0.929538	0.886563	0.777566	0.633941	0.559131	0.505159	0.454434	0.425503	0.411438	0.399175	0.394522	0.396831	0.4139	0.459116	0.507978	0.539081	0.583238	0.633444	0.695837	0.754572	0.801831	0.827975	0.843328	0.860797	0.890925	0.941503	0.984281	1
1.6	0	0.00937187	0.0183906	0.0473938	0.134194	0.249875	0.386122	0.521313	0.656384	0.758941	0.829431	0.876694	0.920328	0.972163	0.987006	0.987041	0.986175	0.985478	0.987234	0.988913	0.987841	0.985578	0.985497	0.982803	0.957031	0.890916	0.795056	0.708744	0.635872	0.597784	0.572006	0.559281	0.555931	0.555628	0.557222	0.568128	0.586941	0.606059	0.63775	0.667144	0.721581	0.774475	0.8497	0.888628	0.830675	0.784138	0.751909	0.711603	0.679787	0.658413	0.639575	0.625791	0.614775	0.61795	0.631206	0.666872	0.701838	0.724869	0.757047	0.784413	0.819297	0.892497	0.974178	1
1.7	0	0.0109969	0.0133031	0.0151344	0.0198281	0.0508313	0.140441	0.324434	0.535737	0.725831	0.854516	0.950728	0.979384	0.984628	0.985709	0.986184	0.9842	0.983047	0.978047	0.979066	0.982203	0.985094	0.986488	0.986447	0.987384	0.988766	0.988119	0.9869	0.986259	0.987459	0.987125	0.987484	0.986816	0.98185	0.969434	0.936756	0.861866	0.750747	0.634372	0.534872	0.452591	0.415997	0.390513	0.350059	0.326372	0.306206	0.293566	0.289891	0.2991	0.319609	0.349363	0.4279	0.563266	0.685488	0.753244	0.819409	0.895022	0.959381	0.979109	0.981638	0.980478	0.978259	0.981928	1
1.8	0	0.0195156	0.0391125	0.0690844	0.0987219	0.141694	0.198359	0.281644	0.413741	0.602662	0.829166	0.946728	0.975447	0.978491	0.978166	0.978797	0.979606	0.979681	0.976959	0.977725	0.978291	0.978259	0.977031	0.976425	0.978278	0.979997	0.976881	0.956578	0.916916	0.862144	0.797972	0.748831	0.714084	0.681156	0.652181	0.634819	0.622663	0.620272	0.618013	0.613828	0.600603	0.578684	0.570444	0.556488	0.537944	0.532594	0.519666	0.491944	0.446513	0.418909	0.432894	0.496541	0.596838	0.707516	0.835603	0.913044	0.949288	0.968844	0.978809	0.980509	0.977784	0.975347	0.980153	1
1.9	0	0.0315844	0.0471094	0.0945875	0.189025	0.350153	0.530928	0.693078	0.753547	0.777206	0.809578	0.843394	0.874794	0.908238	0.9465	0.965863	0.969941	0.974309	0.976897	0.973894	0.964388	0.933825	0.896891	0.847978	0.809931	0.784241	0.763728	0.744444	0.725603	0.711094	0.691044	0.665731	0.631875	0.601441	0.531913	0.457713	0.399178	0.381891	0.399512	0.436959	0.486422	0.557103	0.612519	0.656656	0.696875	0.719606	0.736431	0.744563	0.755025	0.762763	0.771275	0.779963	0.78055	0.788453	0.799378	0.803903	0.811697	0.828166	0.857822	0.896472	0.937947	0.954428	0.968856	1
2	0	0.0562125	0.135219	0.220944	0.315356	0.416747	0.519281	0.600422	0.651441	0.67925	0.70945	0.748366	0.811703	0.873059	0.913734	0.938434	0.951091	0.95455	0.953931	0.952778	0.947725	0.938906	0.916563	0.871622	0.805825	0.726631	0.651072	0.599747	0.584569	0.573416	0.567528	0.567153	0.578562	0.591725	0.607041	0.617466	0.625588	0.635134	0.646213	0.643147	0.632934	0.614709	0.626406	0.648863	0.657878	0.659347	0.664088	0.675334	0.707628	0.743359	0.770706	0.780188	0.784153	0.790347	0.794628	0.806016	0.826372	0.853903	0.885441	0.914284	0.936119	0.955588	0.970984	1
2.1	0	0.0462031	0.0767625	0.11235	0.167313	0.252806	0.395566	0.550547	0.696953	0.807478	0.874216	0.918088	0.939625	0.949434	0.957188	0.956369	0.954991	0.956275	0.954147	0.953781	0.949828	0.940763	0.922162	0.884828	0.816281	0.769325	0.741653	0.7264	0.710044	0.701966	0.692044	0.666194	0.643288	0.627219	0.618975	0.607872	0.60115	0.596584	0.5927	0.581788	0.565975	0.550122	0.544569	0.548031	0.556094	0.560066	0.574894	0.605266	0.647366	0.678853	0.698966	0.715322	0.748563	0.791684	0.836172	0.871325	0.897713	0.902647	0.902663	0.903581	0.909688	0.923494	0.952672	1
2.2	0	0.151863	0.300534	0.437484	0.540963	0.619219	0.674831	0.735738	0.796725	0.8468	0.883594	0.896028	0.901791	0.904081	0.903159	0.906022	0.912503	0.916022	0.914413	0.910263	0.902603	0.876297	0.829669	0.774897	0.710341	0.646269	0.593847	0.556872	0.533434	0.517053	0.500009	0.484834	0.467769	0.454978	0.450466	0.451072	0.455756	0.465903	0.483475	0.504263	0.522544	0.544516	0.557419	0.574766	0.59535	0.631738	0.679806	0.730712	0.772719	0.793697	0.80975	0.8226	0.830916	0.851725	0.880038	0.894972	0.900481	0.9106	0.92	0.924338	0.933381	0.945197	0.957775	1
2.3	0	0.112584	0.204244	0.286309	0.360256	0.42925	0.502788	0.559513	0.608269	0.647263	0.670341	0.684391	0.688362	0.698213	0.708444	0.708444	0.718019	0.724316	0.723847	0.732187	0.728075	0.7116	0.686669	0.661594	0.654603	0.665763	0.699966	0.756	0.819531	0.857703	0.873581	0.879819	0.877225	0.874444	0.870603	0.866028	0.863463	0.856469	0.844459	0.826156	0.809538	0.8049	0.7928	0.775775	0.750741	0.730794	0.700081	0.674347	0.655119	0.64185	0.636131	0.643513	0.669025	0.700575	0.724275	0.739009	0.752413	0.759581	0.770231	0.792525	0.829575	0.878134	0.925156	1
2.4	0	0.0839938	0.138003	0.195366	0.264041	0.346228	0.408622	0.4535	0.4987	0.537016	0.56335	0.601588	0.642491	0.683931	0.723331	0.749725	0.759853	0.763028	0.76325	0.768528	0.786344	0.809438	0.808878	0.801797	0.803616	0.802253	0.796413	0.795994	0.798878	0.801816	0.807291	0.809278	0.812147	0.812791	0.816859	0.814088	0.813544	0.809763	0.803028	0.799438	0.797847	0.792728	0.790744	0.78685	0.775444	0.763866	0.755791	0.742269	0.719406	0.697056	0.664744	0.653681	0.662853	0.689566	0.726	0.765475	0.788181	0.808238	0.828256	0.848669	0.868869	0.894509	0.927641	1
2.5	0	0.152178	0.293231	0.391278	0.458272	0.513566	0.572728	0.617969	0.651109	0.670531	0.68345	0.690716	0.703316	0.717334	0.734784	0.752234	0.763509	0.775494	0.786384	0.785491	0.772391	0.744438	0.722444	0.706781	0.69175	0.677391	0.667141	0.659647	0.649303	0.639363	0.63485	0.640431	0.6575	0.673266	0.701116	0.736309	0.763956	0.786172	0.811825	0.836	0.858753	0.865712	0.872269	0.874991	0.873516	0.859538	0.840731	0.817206	0.792244	0.769484	0.751144	0.731056	0.699075	0.656369	0.623397	0.62275	0.647622	0.682609	0.722569	0.764109	0.815013	0.859697	0.911375	1
2.6	0	0.158537	0.267697	0.345763	0.400441	0.443653	0.489038	0.538366	0.569538	0.584434	0.607975	0.634288	0.667806	0.700906	0.722478	0.742494	0.758541	0.765506	0.759119	0.747003	0.734272	0.731153	0.733266	0.735519	0.735494	0.739278	0.747447	0.752641	0.750956	0.753084	0.767375	0.775863	0.776344	0.77235	0.761934	0.757188	0.746581	0.734425	0.731788	0.7377	0.740575	0.742022	0.747484	0.760878	0.790197	0.808991	0.810175	0.795128	0.786506	0.778528	0.775044	0.771747	0.772675	0.771878	0.772003	0.768944	0.768475	0.771216	0.767247	0.760663	0.76985	0.809678	0.878734	1
2.7	0	0.191331	0.328625	0.444488	0.540262	0.621088	0.688806	0.726666	0.740163	0.741841	0.745856	0.741047	0.729931	0.721366	0.717819	0.705734	0.700175	0.694147	0.687078	0.679869	0.668884	0.657441	0.650447	0.650709	0.658416	0.662456	0.673497	0.685769	0.700238	0.723722	0.747194	0.763528	0.764916	0.765866	0.761934	0.761341	0.757534	0.7585	0.764425	0.7658	0.758209	0.747819	0.739741	0.724791	0.727875	0.734031	0.733147	0.735662	0.738253	0.734491	0.727994	0.720225	0.711206	0.712444	0.713519	0.724375	0.737109	0.748575	0.758197	0.787728	0.824366	0.860619	0.907594	1
2.8	0	0.235753	0.410466	0.531841	0.607469	0.666184	0.693916	0.704572	0.707584	0.7163	0.722284	0.732141	0.744438	0.741862	0.740841	0.730831	0.711409	0.687144	0.659881	0.642175	0.639838	0.637506	0.638241	0.641459	0.643341	0.647028	0.651478	0.665578	0.686984	0.708097	0.723675	0.749547	0.772122	0.781288	0.776441	0.760694	0.749391	0.746841	0.754031	0.761178	0.769688	0.771897	0.762397	0.752803	0.741478	0.727997	0.718288	0.710456	0.711063	0.709666	0.708922	0.713591	0.718997	0.726034	0.728422	0.734028	0.742859	0.754325	0.764094	0.781434	0.803334	0.835922	0.887334	1
2.9	0	0.249681	0.425841	0.546369	0.615478	0.648394	0.668366	0.682031	0.684219	0.678541	0.683944	0.696288	0.71	0.716969	0.728913	0.746375	0.756797	0.764669	0.766347	0.760828	0.754625	0.741153	0.732366	0.735303	0.744003	0.757441	0.773344	0.779647	0.781784	0.775569	0.765113	0.753728	0.744934	0.728191	0.712969	0.696984	0.687619	0.685816	0.682816	0.675706	0.680219	0.682159	0.67925	0.683903	0.689516	0.694503	0.696647	0.702531	0.702019	0.700922	0.694063	0.687772	0.683156	0.689694	0.700953	0.723759	0.743503	0.754719	0.754397	0.756709	0.772628	0.811959	0.872738	1
3	0	0.241803	0.408919	0.523206	0.601334	0.654184	0.685528	0.703813	0.7132	0.720063	0.727328	0.732128	0.731325	0.729009	0.720256	0.716091	0.717875	0.715825	0.716006	0.720684	0.722244	0.7151	0.713028	0.708797	0.705966	0.700356	0.694203	0.694422	0.696447	0.701144	0.708981	0.709713	0.713225	0.716631	0.715384	0.714453	0.714053	0.723525	0.735959	0.735688	0.735875	0.733328	0.730584	0.730881	0.733159	0.732559	0.735281	0.739872	0.741138	0.738184	0.735541	0.737959	0.736025	0.733169	0.722294	0.721744	0.720072	0.728612	0.735675	0.742113	0.758028	0.796438	0.860447	1
3.1	0	0.309597	0.488341	0.592247	0.648781	0.679803	0.698	0.705	0.703169	0.69595	0.693497	0.692894	0.690231	0.687122	0.691044	0.696556	0.709	0.724378	0.736081	0.74985	0.760159	0.764981	0.763113	0.759391	0.757341	0.746663	0.740031	0.737641	0.740075	0.740497	0.736538	0.728388	0.720838	0.718809	0.719966	0.723806	0.730472	0.740263	0.747016	0.751091	0.741519	0.729928	0.719725	0.715575	0.720541	0.733206	0.741481	0.741172	0.741006	0.737706	0.743337	0.745056	0.736794	0.714425	0.693141	0.666866	0.644775	0.630966	0.626916	0.638012	0.666431	0.725797	0.823884	1
3.2	0	0.329956	0.520809	0.621234	0.665644	0.693644	0.712562	0.730125	0.737681	0.734888	0.726378	0.716909	0.709781	0.712903	0.709353	0.695797	0.684603	0.671547	0.670775	0.672956	0.678031	0.679522	0.680747	0.681334	0.687653	0.690719	0.700359	0.704509	0.710978	0.720791	0.728225	0.727078	0.723866	0.721119	0.715522	0.709697	0.709209	0.714819	0.724347	0.735416	0.741622	0.737553	0.734287	0.725544	0.71635	0.715866	0.719294	0.722303	0.728681	0.731	0.731038	0.732584	0.736028	0.734878	0.726197	0.723697	0.722453	0.72285	0.725409	0.732994	0.748416	0.780012	0.846331	1
3.3	0	0.338028	0.507719	0.604269	0.651609	0.680831	0.691578	0.691444	0.688678	0.691847	0.691669	0.693775	0.702966	0.716481	0.7202	0.717672	0.712372	0.701347	0.696906	0.696875	0.695837	0.700456	0.706719	0.708309	0.715875	0.725169	0.733466	0.736372	0.735856	0.735494	0.737756	0.742925	0.745325	0.743409	0.742691	0.738287	0.735662	0.729769	0.726194	0.720022	0.719766	0.720562	0.720988	0.715447	0.705803	0.703628	0.714156	0.722137	0.726634	0.728469	0.733034	0.729444	0.721991	0.711491	0.701813	0.691875	0.692047	0.701572	0.711322	0.718738	0.737253	0.772959	0.843888	1
3.4	0	0.376444	0.569197	0.662384	0.701084	0.724763	0.734828	0.745347	0.747919	0.7473	0.743634	0.740616	0.730516	0.721453	0.712244	0.715456	0.712903	0.706803	0.697975	0.692881	0.692419	0.688688	0.683003	0.677687	0.674991	0.687741	0.699509	0.707928	0.707213	0.705403	0.707541	0.708331	0.702678	0.703922	0.702041	0.701494	0.712066	0.719491	0.720888	0.719053	0.7167	0.712184	0.712872	0.707706	0.705481	0.707538	0.718356	0.727166	0.729513	0.730066	0.723956	0.717978	0.716909	0.717434	0.709462	0.705997	0.704525	0.704122	0.705091	0.709744	0.720612	0.757506	0.830125	1
3.5	0	0.420191	0.617184	0.699366	0.733966	0.745334	0.746988	0.736047	0.728872	0.717969	0.707184	0.69935	0.694256	0.690766	0.683737	0.684206	0.692366	0.702613	0.709203	0.709047	0.713978	0.720363	0.722806	0.718606	0.712544	0.711456	0.713963	0.720122	0.728853	0.728609	0.724828	0.715638	0.703672	0.687459	0.67455	0.668513	0.665403	0.658603	0.658575	0.66485	0.676022	0.688759	0.696931	0.698462	0.703544	0.708763	0.716463	0.722403	0.727291	0.728712	0.730328	0.727406	0.729838	0.735566	0.737578	0.734216	0.7241	0.715634	0.713116	0.71515	0.731441	0.767744	0.835375	1
3.6	0	0.447384	0.647503	0.7238	0.752181	0.754725	0.754734	0.749616	0.747081	0.744666	0.746341	0.750741	0.742716	0.737656	0.739897	0.738519	0.741231	0.730472	0.719956	0.708019	0.697987	0.690772	0.684722	0.683559	0.687219	0.689394	0.687894	0.681791	0.678988	0.684841	0.684731	0.683319	0.684153	0.685209	0.694928	0.701741	0.706069	0.711134	0.713225	0.713003	0.701681	0.694597	0.694019	0.699756	0.701247	0.702903	0.703041	0.70895	0.704216	0.697672	0.692531	0.694072	0.693619	0.692272	0.689941	0.687775	0.685666	0.694047	0.705944	0.712137	0.728097	0.761841	0.828937	1
3.7	0	0.4103	0.593237	0.670009	0.694388	0.704997	0.708378	0.713519	0.717188	0.723016	0.729897	0.730269	0.729338	0.726334	0.722334	0.718463	0.716397	0.716091	0.709869	0.710544	0.712669	0.717206	0.7169	0.711594	0.702503	0.696059	0.692419	0.690891	0.700603	0.712528	0.719844	0.719053	0.718069	0.7195	0.718925	0.717356	0.724388	0.729788	0.732697	0.733931	0.733566	0.725559	0.718066	0.709413	0.699887	0.691288	0.690844	0.693972	0.695709	0.700628	0.711153	0.715047	0.712656	0.715681	0.714309	0.712741	0.710569	0.700981	0.692641	0.690372	0.697775	0.729087	0.803444	1
3.8	0	0.421003	0.590422	0.663209	0.693269	0.703447	0.707497	0.704681	0.699431	0.696744	0.701131	0.706353	0.710734	0.712759	0.709928	0.709766	0.713078	0.717525	0.718569	0.727869	0.735894	0.741416	0.740656	0.737884	0.739569	0.743966	0.736581	0.735431	0.737609	0.727747	0.719378	0.7143	0.716087	0.719994	0.720675	0.721016	0.714475	0.708503	0.704138	0.704956	0.713444	0.714309	0.715053	0.714622	0.718381	0.716859	0.719325	0.722784	0.720122	0.708566	0.701747	0.701556	0.703216	0.697609	0.692644	0.683234	0.6764	0.674925	0.678591	0.6837	0.692853	0.722763	0.796481	1
3.9	0	0.428956	0.606716	0.673675	0.693959	0.700288	0.698388	0.697056	0.696766	0.6949	0.692297	0.691778	0.697981	0.704106	0.705169	0.702881	0.704125	0.708125	0.712688	0.716578	0.717463	0.718588	0.717766	0.719419	0.719628	0.718259	0.719681	0.719422	0.719584	0.721747	0.726313	0.727269	0.728388	0.728184	0.731044	0.732759	0.7371	0.742825	0.7412	0.736284	0.7262	0.71995	0.710041	0.70465	0.707238	0.705528	0.699881	0.698434	0.693691	0.696725	0.694866	0.699106	0.702234	0.699131	0.701422	0.700884	0.704794	0.712209	0.717875	0.714469	0.712263	0.729003	0.796928	1
