1	0	0.0004875	0.00046875	0.00513125	0.174375	0.533631	0.614044	0.752919	0.787888	0.7911	0.8104	0.820756	0.887625	0.927088	0.999894	0.999775	0.999338	0.992656	0.920763	0.848819	0.8283	0.822494	0.797975	0.786344	0.726875	0.619156	0.616906	0.709369	0.811213	0.839738	0.980725	1
1.1	0	0.0005875	0.00060625	0.0138063	0.466463	0.988175	0.999119	0.999175	0.999088	0.9991	0.999063	0.986813	0.659162	0.556469	0.5437	0.541513	0.5385	0.543494	0.547769	0.55275	0.557119	0.569144	0.624819	0.759106	0.966181	0.9983	0.999388	0.999113	0.999306	0.999313	0.999113	1
1.2	0	0.122362	0.354881	0.555113	0.626337	0.673175	0.685144	0.692606	0.718469	0.742862	0.765413	0.807356	0.814638	0.808763	0.804256	0.772531	0.733981	0.655419	0.517019	0.5127	0.517569	0.574887	0.690544	0.750538	0.801025	0.850063	0.909594	0.963519	0.993712	0.995531	0.996244	1
1.3	0	0.00275	0.00288125	0.00833125	0.166856	0.370656	0.633838	0.904456	0.988719	0.995875	0.994744	0.994963	0.992231	0.992156	0.994206	0.9966	0.996744	0.994688	0.965156	0.8442	0.764325	0.682675	0.662181	0.653125	0.645613	0.639156	0.643613	0.656031	0.672169	0.727075	0.820238	1
1.4	0	0.0493188	0.158206	0.388075	0.667687	0.843063	0.983013	0.995056	0.995163	0.996013	0.993875	0.9761	0.820575	0.667706	0.6049	0.536744	0.499694	0.487444	0.51225	0.552194	0.580037	0.599725	0.624513	0.647962	0.686681	0.75195	0.8519	0.951525	0.993475	0.995575	0.995831	1
1.5	0	0.0123187	0.0710313	0.320931	0.600588	0.751588	0.931613	0.991475	0.99235	0.991088	0.989888	0.968963	0.889869	0.832763	0.743388	0.648906	0.613363	0.607963	0.604669	0.597919	0.606044	0.612363	0.617369	0.633344	0.66055	0.683044	0.732619	0.809113	0.921788	0.979256	0.990094	1
1.6	0	0.0249438	0.092025	0.253013	0.401394	0.536156	0.62315	0.669706	0.743406	0.831119	0.903494	0.968213	0.985863	0.989875	0.991594	0.99135	0.991275	0.984994	0.96055	0.887912	0.80935	0.724894	0.658637	0.613469	0.600019	0.599163	0.599725	0.610963	0.649569	0.777587	0.932844	1
1.7	0	0.149688	0.33275	0.4341	0.553138	0.702831	0.8674	0.925894	0.959719	0.977038	0.982606	0.985819	0.982569	0.983769	0.97875	0.958113	0.864975	0.701156	0.6022	0.54045	0.517062	0.500156	0.49985	0.510494	0.532081	0.560644	0.593806	0.654938	0.739881	0.866	0.948375	1
1.8	0	0.0204438	0.0277625	0.0454563	0.0985562	0.199225	0.321381	0.402969	0.450013	0.476869	0.517006	0.616325	0.743931	0.874344	0.946019	0.9664	0.977169	0.979363	0.976438	0.976638	0.978594	0.97975	0.980063	0.979788	0.976919	0.978481	0.982506	0.983081	0.981756	0.982869	0.986138	1
1.9	0	0.0229938	0.0289438	0.0362937	0.0419	0.0660437	0.136919	0.262362	0.429413	0.563525	0.668181	0.772281	0.882788	0.953625	0.973794	0.978025	0.978231	0.9784	0.975731	0.973963	0.972856	0.974188	0.975288	0.970006	0.969231	0.966363	0.966031	0.968175	0.971031	0.972219	0.97745	1
2	0	0.03195	0.0449875	0.048675	0.0551438	0.0808063	0.159525	0.29195	0.43565	0.584319	0.775112	0.875331	0.923194	0.937613	0.951006	0.957	0.955406	0.950325	0.950988	0.951056	0.949988	0.950544	0.952788	0.949325	0.949175	0.948381	0.945975	0.9381	0.943863	0.954288	0.963788	1
2.1	0	0.0389313	0.0503188	0.0690812	0.111419	0.202119	0.297031	0.399469	0.492325	0.586025	0.672056	0.755788	0.81415	0.846781	0.876188	0.9052	0.918406	0.931481	0.938725	0.947294	0.958569	0.963738	0.962119	0.958381	0.955744	0.9546	0.955225	0.954775	0.960406	0.962494	0.967413	1
2.2	0	0.0486437	0.0806438	0.134513	0.198138	0.267437	0.337931	0.426938	0.557881	0.678631	0.772525	0.831987	0.863394	0.877644	0.885681	0.889912	0.896688	0.916594	0.9261	0.931556	0.9263	0.914781	0.916838	0.915769	0.911681	0.888138	0.874331	0.863625	0.865969	0.880275	0.925706	1
2.3	0	0.111831	0.201588	0.308025	0.406056	0.489756	0.560106	0.616081	0.6534	0.695431	0.716469	0.741719	0.764825	0.791031	0.809981	0.827875	0.860081	0.879181	0.889625	0.888831	0.883025	0.878488	0.860662	0.839188	0.808606	0.785062	0.773638	0.787169	0.815081	0.854119	0.909319	1
2.4	0	0.134794	0.255387	0.378969	0.475175	0.5471	0.624875	0.702275	0.774169	0.826694	0.852994	0.862588	0.867644	0.859775	0.854313	0.833881	0.818744	0.815394	0.807763	0.797737	0.763888	0.72285	0.706475	0.696563	0.694	0.700575	0.711269	0.748506	0.805206	0.856463	0.910188	1
2.5	0	0.140331	0.264369	0.391606	0.527425	0.634569	0.709469	0.764475	0.8024	0.842956	0.869287	0.878069	0.866044	0.83805	0.799588	0.769219	0.742006	0.725569	0.708713	0.703275	0.7	0.696525	0.692081	0.698875	0.721725	0.747838	0.777587	0.802569	0.826844	0.8576	0.907188	1
2.6	0	0.173569	0.330644	0.459231	0.557131	0.619762	0.645338	0.656469	0.656781	0.670669	0.690594	0.71525	0.757469	0.795788	0.815781	0.820794	0.801719	0.79715	0.784756	0.778894	0.779675	0.782656	0.791338	0.791763	0.797056	0.8038	0.802331	0.795081	0.801719	0.838031	0.895012	1
2.7	0	0.187806	0.309363	0.406875	0.488838	0.567594	0.637925	0.684306	0.715419	0.734544	0.761206	0.779594	0.791963	0.792863	0.799687	0.807894	0.80385	0.797075	0.788181	0.784594	0.784119	0.786313	0.781569	0.767956	0.758244	0.756925	0.76175	0.785394	0.8199	0.857319	0.907188	1
2.8	0	0.168075	0.2779	0.372563	0.455825	0.499625	0.555719	0.604338	0.644694	0.681	0.709413	0.73035	0.749069	0.7686	0.794319	0.8176	0.818881	0.826144	0.821513	0.823969	0.820638	0.820531	0.820994	0.828119	0.84005	0.84285	0.844544	0.847831	0.853656	0.865681	0.901763	1
2.9	0	0.282363	0.455931	0.550369	0.600906	0.642419	0.690438	0.737613	0.7588	0.756962	0.741925	0.732019	0.726475	0.734338	0.741756	0.747706	0.745875	0.749	0.742838	0.749613	0.749331	0.751188	0.75715	0.757719	0.757781	0.763638	0.773206	0.777569	0.78065	0.796225	0.85445	1
3	0	0.233431	0.410644	0.532119	0.618944	0.685131	0.715281	0.719869	0.72845	0.735319	0.737513	0.730744	0.730494	0.724419	0.723113	0.721525	0.724969	0.728888	0.733275	0.736756	0.739206	0.753131	0.774419	0.783856	0.7862	0.794356	0.799331	0.804319	0.8114	0.82405	0.8651	1
3.1	0	0.381563	0.590525	0.688631	0.734775	0.751363	0.765331	0.764969	0.768669	0.761962	0.752569	0.757144	0.762694	0.757431	0.749544	0.7385	0.725781	0.709562	0.700969	0.687519	0.674244	0.669538	0.671212	0.674125	0.695038	0.704338	0.706894	0.719638	0.737838	0.764063	0.839825	1
3.2	0	0.346419	0.544369	0.659956	0.722475	0.751575	0.762819	0.766694	0.761675	0.757556	0.751738	0.743644	0.73525	0.73645	0.737556	0.731125	0.719869	0.711681	0.720069	0.724344	0.721125	0.716338	0.708856	0.708475	0.708388	0.701412	0.699556	0.705863	0.732194	0.775381	0.8434	1
3.3	0	0.324069	0.507038	0.606094	0.660569	0.690644	0.70925	0.724044	0.7305	0.725144	0.7201	0.721325	0.719413	0.72225	0.72375	0.725094	0.718369	0.723875	0.734125	0.744519	0.756294	0.752706	0.752713	0.758431	0.76135	0.755606	0.75425	0.753331	0.770706	0.803244	0.85745	1
3.4	0	0.385963	0.584538	0.68565	0.747981	0.77855	0.783431	0.766313	0.756156	0.742138	0.715719	0.703288	0.694781	0.685412	0.682013	0.688506	0.701269	0.717644	0.727531	0.741769	0.742313	0.746219	0.74995	0.745431	0.730994	0.715619	0.703225	0.705831	0.718619	0.745988	0.813413	1
3.5	0	0.3868	0.57095	0.647125	0.685544	0.706194	0.714569	0.716612	0.714756	0.717713	0.719031	0.727069	0.732044	0.726144	0.717956	0.713538	0.705213	0.709181	0.723544	0.730581	0.741431	0.744525	0.7453	0.750894	0.742	0.730506	0.72935	0.741931	0.766856	0.797381	0.851513	1
3.6	0	0.3837	0.567725	0.657088	0.690731	0.705581	0.714925	0.719063	0.716094	0.712031	0.713475	0.716094	0.726313	0.741013	0.746906	0.752331	0.754013	0.7655	0.767281	0.763038	0.751838	0.751194	0.741413	0.731056	0.720269	0.713319	0.711244	0.714556	0.718744	0.73485	0.804869	1
3.7	0	0.470925	0.649631	0.707512	0.717125	0.718181	0.720475	0.711519	0.704856	0.704619	0.702562	0.6874	0.689131	0.695969	0.6974	0.700744	0.709125	0.715238	0.723431	0.731125	0.734669	0.736563	0.737275	0.7278	0.725688	0.728988	0.732719	0.750319	0.761131	0.780356	0.833775	1
3.8	0	0.447525	0.635381	0.705575	0.732144	0.741669	0.749481	0.754581	0.760138	0.7554	0.751387	0.745625	0.740125	0.731531	0.720206	0.710713	0.712238	0.709669	0.707269	0.697169	0.696081	0.696744	0.703281	0.705869	0.703356	0.707069	0.7111	0.713394	0.7165	0.737488	0.807544	1
3.9	0	0.481281	0.659463	0.713881	0.733881	0.738456	0.741531	0.741881	0.745138	0.743044	0.739337	0.733187	0.729794	0.725881	0.721806	0.711794	0.706313	0.7104	0.714094	0.714775	0.716481	0.722187	0.726488	0.726894	0.722081	0.714713	0.701869	0.690044	0.690169	0.710725	0.778663	1
