1	0	0.0429344	0.116519	0.124553	0.136634	0.252787	0.418966	0.772816	0.9224	0.994028	0.999578	0.999056	0.937116	0.886931	0.7423	0.564559	0.416328	0.312531	0.30005	0.25705	0.251075	0.222666	0.182647	0.129966	0.192234	0.347656	0.463913	0.517263	0.536894	0.4746	0.474116	0.441875	0.448366	0.612044	0.672591	0.73215	0.782509	0.900178	0.900234	0.901456	0.883016	0.710491	0.581541	0.434566	0.333825	0.296019	0.196675	0.187116	0.17415	0.175878	0.108463	0.0691844	0.120244	0.3026	0.364066	0.464009	0.519672	0.550925	0.589087	0.712675	0.855328	0.989681	0.999222	1
1.1	0	0.000871875	0.0158469	0.102138	0.148972	0.19555	0.375375	0.496919	0.596416	0.769953	0.826484	0.807594	0.813156	0.823166	0.65035	0.602078	0.5513	0.542162	0.549694	0.554634	0.558653	0.572469	0.572887	0.532944	0.429931	0.434769	0.541222	0.528544	0.485637	0.467163	0.461266	0.478825	0.512959	0.519009	0.540541	0.551922	0.567572	0.575744	0.631272	0.604525	0.535013	0.525438	0.498647	0.520925	0.513897	0.470759	0.456009	0.43785	0.405763	0.390259	0.382038	0.371134	0.365681	0.33815	0.219888	0.284244	0.313275	0.374922	0.521378	0.688362	0.756716	0.792078	0.847063	1
1.2	0	0.00114688	0.0175313	0.140288	0.260462	0.369109	0.411878	0.484325	0.59815	0.842113	0.91525	0.949972	0.973825	0.845869	0.782038	0.735275	0.638263	0.58645	0.560641	0.500188	0.475434	0.449563	0.412322	0.374106	0.376694	0.380103	0.400813	0.415447	0.426016	0.460991	0.498722	0.520903	0.513819	0.489859	0.485381	0.520834	0.529888	0.550597	0.567047	0.589978	0.579197	0.519131	0.468528	0.376234	0.332084	0.290147	0.285562	0.291697	0.286341	0.283291	0.289547	0.295563	0.320194	0.3447	0.371975	0.429334	0.475469	0.515878	0.580078	0.719009	0.908103	0.988253	0.998397	1
1.3	0	0.00780313	0.0661906	0.254153	0.393691	0.612762	0.645878	0.669516	0.676238	0.681041	0.701706	0.711666	0.719772	0.718053	0.681047	0.472694	0.313438	0.294666	0.292331	0.348519	0.370053	0.388437	0.389625	0.442594	0.622237	0.716375	0.744853	0.759825	0.763988	0.759588	0.746025	0.732591	0.698597	0.626494	0.520903	0.428388	0.295047	0.173997	0.157831	0.153191	0.142728	0.134097	0.131031	0.130288	0.129956	0.131341	0.135563	0.140172	0.181647	0.324384	0.412356	0.470228	0.535838	0.560681	0.604272	0.683053	0.772797	0.828066	0.877369	0.934572	0.993344	0.9971	0.997319	1
1.4	0	0.00394687	0.00386563	0.00372813	0.00922813	0.0601594	0.119419	0.23075	0.406719	0.518922	0.645088	0.749663	0.93755	0.993556	0.996209	0.995622	0.993419	0.963588	0.890988	0.829309	0.75005	0.707466	0.6333	0.488275	0.378866	0.334441	0.292653	0.262022	0.240184	0.235863	0.235209	0.237969	0.252944	0.283619	0.317244	0.343947	0.384272	0.461053	0.668366	0.920141	0.975681	0.985603	0.983662	0.959897	0.902756	0.8547	0.750753	0.576556	0.299694	0.0801844	0.012175	0.005325	0.00439063	0.004925	0.0131438	0.0844688	0.183606	0.419569	0.590409	0.704078	0.877028	0.958284	0.9935	1
1.5	0	0.00765313	0.0162406	0.0872938	0.248431	0.369306	0.520997	0.615081	0.649028	0.667063	0.723634	0.778834	0.797991	0.801556	0.801888	0.809756	0.805897	0.8077	0.822663	0.831034	0.829647	0.785531	0.678956	0.564569	0.489897	0.42785	0.384159	0.380263	0.396694	0.414956	0.473556	0.463453	0.460134	0.463678	0.457519	0.453369	0.455538	0.474809	0.549628	0.576434	0.559034	0.441334	0.333075	0.2672	0.2303	0.201678	0.165922	0.134097	0.0726813	0.0433719	0.0159813	0.0175781	0.08495	0.226144	0.367281	0.486181	0.556322	0.656831	0.841322	0.976813	0.992428	0.993278	0.993509	1
1.6	0	0.00915938	0.0215719	0.0702438	0.152209	0.255106	0.3755	0.436522	0.536869	0.63155	0.662997	0.6778	0.685088	0.691937	0.700328	0.708325	0.709638	0.693244	0.661869	0.64365	0.636344	0.633922	0.610334	0.578903	0.544231	0.521072	0.516081	0.5156	0.513366	0.502275	0.494175	0.483319	0.475447	0.467053	0.459634	0.457291	0.460266	0.458716	0.452906	0.457909	0.464628	0.468322	0.455372	0.430947	0.404569	0.361328	0.324903	0.298066	0.276478	0.271375	0.275088	0.285675	0.301262	0.316175	0.359466	0.435869	0.587334	0.705313	0.772259	0.823525	0.896416	0.944859	0.978322	1
1.7	0	0.0184156	0.0502625	0.107369	0.164341	0.235259	0.316928	0.373338	0.413566	0.45845	0.502088	0.534691	0.556141	0.583163	0.604791	0.622272	0.644509	0.660084	0.671422	0.687678	0.694209	0.695906	0.698069	0.694122	0.678078	0.675059	0.678503	0.71565	0.755569	0.765909	0.750703	0.715056	0.673491	0.646178	0.624231	0.607119	0.591994	0.562672	0.527953	0.4826	0.438897	0.373969	0.284294	0.200606	0.152897	0.103472	0.0403469	0.0193563	0.0332219	0.0675219	0.154844	0.245628	0.318109	0.392972	0.466506	0.564428	0.639663	0.682034	0.736541	0.806763	0.893631	0.961756	0.984706	1
1.8	0	0.0209844	0.0265375	0.0322563	0.0613719	0.12195	0.172563	0.223075	0.273069	0.379922	0.523447	0.655497	0.738659	0.7994	0.852681	0.8947	0.919606	0.882041	0.81885	0.752306	0.685747	0.648925	0.630722	0.614622	0.596353	0.577616	0.556975	0.520497	0.491731	0.467781	0.446362	0.4237	0.402869	0.389638	0.382719	0.374366	0.374262	0.382703	0.391572	0.388619	0.382656	0.379369	0.369013	0.352084	0.323506	0.285438	0.284378	0.301841	0.327347	0.358434	0.384772	0.409428	0.436253	0.480369	0.530591	0.595222	0.673416	0.757716	0.806028	0.847175	0.891759	0.948047	0.978466	1
1.9	0	0.103734	0.223678	0.319381	0.361956	0.393106	0.421159	0.471591	0.52285	0.567709	0.599522	0.616869	0.628175	0.636531	0.648609	0.675278	0.707731	0.735122	0.745175	0.748616	0.740259	0.72185	0.698469	0.662309	0.621894	0.592066	0.570056	0.555522	0.541856	0.523722	0.503716	0.485403	0.465444	0.431384	0.395769	0.3593	0.329172	0.301013	0.274694	0.230278	0.199391	0.179178	0.163472	0.149906	0.143272	0.138094	0.132378	0.127753	0.145191	0.181475	0.258097	0.36285	0.477166	0.584694	0.676497	0.744847	0.799272	0.838184	0.860841	0.886466	0.908656	0.944366	0.966987	1
2	0	0.0254281	0.03235	0.0354469	0.0380875	0.0426375	0.0612219	0.104703	0.192003	0.290597	0.378725	0.434022	0.513331	0.608303	0.705462	0.784444	0.835578	0.872394	0.904347	0.931006	0.950769	0.943903	0.906328	0.828006	0.720931	0.614478	0.550178	0.517784	0.509725	0.509006	0.505413	0.499175	0.487306	0.471116	0.444003	0.411094	0.365978	0.347259	0.336306	0.335075	0.35085	0.363228	0.376275	0.386281	0.394894	0.4006	0.409031	0.417841	0.430709	0.433016	0.431306	0.435041	0.441188	0.454456	0.469456	0.499594	0.551322	0.616806	0.692472	0.750116	0.817225	0.886281	0.948091	1
2.1	0	0.0416969	0.0816562	0.129056	0.185003	0.228744	0.275313	0.330775	0.410856	0.499169	0.575372	0.638603	0.703328	0.771347	0.82145	0.847697	0.863219	0.866128	0.860153	0.841463	0.813891	0.782925	0.747756	0.719713	0.696319	0.668072	0.643172	0.617669	0.600094	0.578028	0.544056	0.520725	0.499184	0.481459	0.463216	0.439228	0.406241	0.362447	0.301519	0.227472	0.162888	0.112963	0.0899625	0.0879219	0.0896906	0.0977469	0.111353	0.143109	0.179531	0.214906	0.258497	0.314491	0.377963	0.446128	0.535144	0.610438	0.699184	0.786069	0.8492	0.895138	0.933284	0.9537	0.966481	1
2.2	0	0.0511094	0.0754469	0.0955375	0.119556	0.140753	0.164847	0.188994	0.228603	0.287122	0.338534	0.394281	0.450781	0.506619	0.556866	0.597375	0.638613	0.655019	0.665262	0.690738	0.695116	0.684794	0.683616	0.692831	0.698178	0.692044	0.669647	0.646384	0.609313	0.567747	0.530597	0.499134	0.467669	0.435206	0.404722	0.376444	0.3415	0.310859	0.2818	0.254113	0.233194	0.230909	0.238859	0.251219	0.262319	0.271644	0.287944	0.316719	0.348297	0.388984	0.451463	0.556956	0.666094	0.762978	0.839	0.890878	0.925659	0.944966	0.947194	0.946266	0.944947	0.946881	0.958863	1
2.3	0	0.0737625	0.135384	0.204731	0.285731	0.376581	0.454697	0.502931	0.538206	0.5647	0.579309	0.563853	0.543681	0.544069	0.561694	0.580997	0.59525	0.603219	0.596972	0.569019	0.538125	0.517244	0.507038	0.498297	0.489097	0.483959	0.489984	0.492275	0.491769	0.487931	0.468631	0.433606	0.388519	0.328516	0.281066	0.253934	0.234453	0.224341	0.224991	0.241106	0.278972	0.335672	0.381194	0.415128	0.437559	0.448741	0.453519	0.465987	0.485188	0.517194	0.553756	0.596566	0.625741	0.639409	0.654719	0.700619	0.762622	0.821138	0.859322	0.878422	0.893172	0.907794	0.9379	1
2.4	0	0.0967469	0.161775	0.202334	0.236709	0.258347	0.296103	0.332078	0.368872	0.407856	0.444619	0.479163	0.516269	0.540584	0.542347	0.538184	0.530478	0.531166	0.534166	0.540719	0.534506	0.523931	0.518784	0.507888	0.485963	0.467625	0.463584	0.458078	0.444934	0.4276	0.416797	0.413428	0.416909	0.419844	0.428225	0.432653	0.449744	0.458969	0.461028	0.462222	0.456419	0.448984	0.43535	0.425884	0.420159	0.437725	0.46275	0.483803	0.508978	0.540219	0.564328	0.589894	0.612222	0.643094	0.670813	0.698284	0.738844	0.771956	0.801503	0.838584	0.870141	0.898463	0.930375	1
2.5	0	0.0932219	0.155259	0.220397	0.277125	0.324488	0.378156	0.441597	0.503603	0.546394	0.571572	0.581934	0.571606	0.555319	0.537444	0.526981	0.516394	0.517903	0.530281	0.552459	0.564516	0.553834	0.5427	0.534069	0.532497	0.534103	0.535472	0.530841	0.520122	0.511338	0.515891	0.532162	0.544031	0.550172	0.544431	0.538197	0.517666	0.484688	0.439022	0.396766	0.361731	0.340281	0.329425	0.312413	0.303547	0.308078	0.325197	0.357819	0.404797	0.440478	0.472206	0.510931	0.541931	0.564097	0.592363	0.617034	0.646091	0.689869	0.736444	0.770034	0.805288	0.842756	0.902541	1
2.6	0	0.156969	0.277156	0.372747	0.439694	0.479941	0.506938	0.519797	0.537131	0.547747	0.54345	0.523038	0.508659	0.491063	0.479531	0.485909	0.484244	0.483378	0.484141	0.487484	0.490597	0.497013	0.500419	0.513716	0.525788	0.526906	0.535472	0.556672	0.579478	0.592256	0.6023	0.588841	0.561291	0.539644	0.517028	0.4836	0.453978	0.423306	0.403156	0.378847	0.363309	0.355875	0.347481	0.344369	0.350881	0.359947	0.366409	0.37055	0.378163	0.396459	0.428997	0.468184	0.507587	0.548266	0.581228	0.613109	0.642356	0.671728	0.695703	0.718894	0.750725	0.793681	0.866775	1
2.7	0	0.139488	0.220647	0.288278	0.349388	0.408084	0.459353	0.498978	0.532594	0.557059	0.566459	0.569863	0.547434	0.527031	0.508038	0.494306	0.481206	0.457641	0.427353	0.408175	0.400638	0.407281	0.4181	0.419788	0.417778	0.419831	0.417503	0.413191	0.402628	0.394472	0.391472	0.399656	0.415259	0.421859	0.429253	0.432953	0.438231	0.437597	0.4311	0.419425	0.414603	0.418422	0.430347	0.459691	0.498141	0.532684	0.578791	0.619681	0.659984	0.683469	0.686959	0.685837	0.682434	0.673775	0.660816	0.656828	0.657188	0.653631	0.655459	0.658203	0.680769	0.742472	0.840425	1
2.8	0	0.144684	0.226722	0.272631	0.294588	0.304913	0.308603	0.308891	0.306841	0.295909	0.298578	0.312503	0.324853	0.344338	0.371594	0.400425	0.420081	0.441903	0.461641	0.484622	0.504537	0.519853	0.534231	0.547747	0.550016	0.548466	0.539559	0.542331	0.538228	0.537047	0.53235	0.520681	0.514056	0.515975	0.527741	0.544716	0.564278	0.576906	0.600731	0.620966	0.628531	0.625709	0.610591	0.58845	0.579628	0.583125	0.602931	0.627266	0.637194	0.635144	0.620938	0.599712	0.579019	0.553259	0.531503	0.515331	0.508809	0.513475	0.533975	0.572806	0.627584	0.702775	0.817509	1
2.9	0	0.220572	0.365616	0.455309	0.511097	0.544888	0.560925	0.570125	0.5655	0.555163	0.545038	0.544366	0.542572	0.544094	0.546441	0.543366	0.541534	0.544178	0.548666	0.552013	0.542984	0.541622	0.539091	0.534531	0.521213	0.512328	0.508428	0.495731	0.488453	0.483431	0.480341	0.474859	0.466525	0.454547	0.447656	0.452616	0.468259	0.481275	0.494575	0.496781	0.492563	0.485288	0.487997	0.489822	0.480241	0.463578	0.447781	0.439553	0.438325	0.443431	0.456894	0.459959	0.463731	0.458975	0.450225	0.445603	0.445603	0.45415	0.478131	0.518769	0.5707	0.654738	0.787238	1
3	0	0.211375	0.331875	0.406366	0.436606	0.447066	0.445056	0.443388	0.441078	0.439038	0.448625	0.450859	0.4615	0.472875	0.482634	0.489697	0.495313	0.505894	0.518666	0.524897	0.528866	0.535622	0.543672	0.551544	0.554262	0.562513	0.565747	0.570019	0.576972	0.581166	0.588313	0.59225	0.593512	0.579959	0.546963	0.519809	0.501341	0.489747	0.475872	0.465806	0.451284	0.434166	0.416184	0.405369	0.402547	0.395231	0.397538	0.403553	0.413734	0.424641	0.433919	0.441747	0.453813	0.483897	0.513688	0.541394	0.565859	0.58495	0.603959	0.631588	0.670737	0.729934	0.823509	1
3.1	0	0.208369	0.3232	0.399184	0.450341	0.480247	0.502459	0.511088	0.505391	0.50055	0.500241	0.493069	0.486191	0.479528	0.485972	0.498816	0.520922	0.539178	0.545312	0.556672	0.563909	0.549241	0.521925	0.499572	0.481847	0.475278	0.475609	0.484363	0.492319	0.506459	0.527234	0.540303	0.543991	0.542047	0.545825	0.558256	0.569453	0.581469	0.584994	0.582056	0.575472	0.562297	0.552534	0.546109	0.539569	0.540684	0.542378	0.530944	0.514628	0.4909	0.476734	0.452472	0.429409	0.410409	0.399306	0.384478	0.376488	0.374881	0.392922	0.435156	0.503425	0.601491	0.754434	1
3.2	0	0.246756	0.373316	0.438481	0.472228	0.492425	0.505669	0.522722	0.544128	0.560172	0.56545	0.577547	0.580434	0.567797	0.549194	0.528072	0.502713	0.477834	0.452412	0.429753	0.420619	0.420619	0.428544	0.440763	0.455247	0.468103	0.470956	0.477703	0.4842	0.496563	0.512078	0.523788	0.529553	0.537475	0.537294	0.535359	0.532856	0.523403	0.504197	0.483538	0.467831	0.462838	0.470388	0.480209	0.489522	0.507484	0.519275	0.525472	0.528088	0.520878	0.510844	0.490653	0.481697	0.474528	0.465306	0.467484	0.483447	0.500625	0.511434	0.529416	0.558787	0.628387	0.755447	1
3.3	0	0.21895	0.334094	0.397744	0.43885	0.473259	0.497206	0.525112	0.537903	0.540972	0.539078	0.517806	0.493066	0.472909	0.452013	0.426959	0.413259	0.410531	0.409938	0.409606	0.412144	0.420816	0.433169	0.442147	0.457419	0.468259	0.480022	0.491516	0.50055	0.511459	0.520463	0.519997	0.523225	0.524731	0.5198	0.514931	0.509434	0.507313	0.515178	0.51875	0.516084	0.508894	0.512822	0.521416	0.524041	0.523953	0.5274	0.528453	0.527056	0.523403	0.517359	0.517069	0.523691	0.532216	0.545041	0.551969	0.553828	0.555837	0.559366	0.575819	0.608847	0.665819	0.779041	1
3.4	0	0.237703	0.362069	0.433006	0.474591	0.492091	0.501472	0.511228	0.513291	0.510113	0.503666	0.493397	0.492697	0.495606	0.495406	0.488781	0.472972	0.470069	0.469141	0.475256	0.479959	0.477063	0.472981	0.472756	0.466966	0.457216	0.449347	0.449113	0.456397	0.469178	0.479669	0.48525	0.483094	0.479644	0.476875	0.475528	0.470863	0.472844	0.479025	0.483966	0.489031	0.501366	0.517456	0.53115	0.532425	0.528353	0.532125	0.529384	0.524506	0.517356	0.513575	0.512731	0.515088	0.532259	0.544538	0.554656	0.561931	0.566528	0.572925	0.581769	0.600463	0.650334	0.759766	1
3.5	0	0.255063	0.376328	0.42315	0.452831	0.471525	0.487759	0.494853	0.499738	0.499684	0.502138	0.508169	0.511981	0.507078	0.504441	0.509838	0.517153	0.521275	0.523831	0.521628	0.523931	0.515691	0.506038	0.497622	0.492159	0.486713	0.482619	0.486616	0.494959	0.496863	0.493359	0.490753	0.489713	0.498313	0.513797	0.521062	0.515916	0.511131	0.511325	0.509809	0.502134	0.488684	0.484994	0.485266	0.485097	0.479888	0.4798	0.486681	0.499031	0.504	0.500247	0.496947	0.487359	0.484328	0.488994	0.491716	0.499169	0.505944	0.518775	0.538547	0.570072	0.635975	0.759503	1
3.6	0	0.281913	0.419103	0.482209	0.509869	0.517534	0.519388	0.518369	0.511584	0.513819	0.512269	0.514062	0.503328	0.501541	0.499406	0.494616	0.478063	0.463613	0.456409	0.452781	0.437438	0.427825	0.42585	0.424866	0.428284	0.427513	0.433491	0.440619	0.460288	0.469297	0.482303	0.495328	0.501688	0.507309	0.508978	0.508116	0.506547	0.520806	0.5314	0.531878	0.527444	0.518962	0.517713	0.517497	0.516659	0.514297	0.509788	0.5121	0.515294	0.504372	0.500378	0.499531	0.501878	0.4996	0.501053	0.505284	0.516922	0.531206	0.553834	0.575878	0.606103	0.664547	0.769962	1
3.7	0	0.300906	0.434953	0.481591	0.501075	0.511881	0.519116	0.519953	0.518428	0.508044	0.505134	0.504263	0.499519	0.501294	0.49965	0.504581	0.502122	0.503097	0.516122	0.523997	0.521	0.515547	0.509281	0.509931	0.511681	0.509191	0.510741	0.497034	0.483044	0.471891	0.462275	0.459413	0.457781	0.461688	0.470131	0.474806	0.479216	0.483966	0.490759	0.497347	0.498781	0.503181	0.505631	0.506838	0.511738	0.518247	0.528194	0.534006	0.535325	0.531547	0.521266	0.509734	0.500722	0.489803	0.479447	0.473562	0.47325	0.471981	0.480553	0.492778	0.519697	0.574531	0.706741	1
3.8	0	0.254828	0.363134	0.416038	0.444837	0.458978	0.4654	0.471491	0.489272	0.502047	0.509569	0.5161	0.523141	0.519625	0.520809	0.523178	0.519609	0.520509	0.515603	0.516072	0.513447	0.504294	0.494841	0.490584	0.494259	0.495394	0.49245	0.497272	0.502231	0.507616	0.509156	0.510866	0.516819	0.519672	0.515275	0.514919	0.513997	0.508447	0.501056	0.498781	0.498753	0.494172	0.491634	0.491056	0.489391	0.489672	0.485778	0.487988	0.486591	0.480859	0.480988	0.481844	0.479459	0.481453	0.489581	0.4945	0.507387	0.514628	0.531428	0.553109	0.577866	0.625138	0.735109	1
3.9	0	0.284144	0.401244	0.448494	0.468428	0.481366	0.492363	0.495737	0.497641	0.496581	0.491478	0.481822	0.483975	0.485791	0.488716	0.490194	0.482081	0.480291	0.478822	0.487697	0.498159	0.505156	0.505397	0.504656	0.504744	0.502113	0.507056	0.510734	0.515222	0.514463	0.518975	0.525909	0.527759	0.529188	0.524325	0.515619	0.517491	0.514259	0.512459	0.503131	0.500275	0.503428	0.500244	0.49855	0.500194	0.497038	0.494406	0.494284	0.490844	0.494531	0.502113	0.509331	0.510297	0.502553	0.507594	0.507216	0.506828	0.507113	0.501331	0.502644	0.522941	0.574922	0.697647	1
