1	0	0.00026875	0.00165625	0.141381	0.36715	0.453581	0.581656	0.625619	0.636969	0.653863	0.658944	0.608063	0.612956	0.566706	0.508938	0.496388	0.495969	0.356162	0.348794	0.337863	0.333775	0.324106	0.3346	0.378063	0.460688	0.512681	0.732469	0.750363	0.791131	0.929631	0.999569	1
1.1	0	0.00725625	0.01735	0.060575	0.175463	0.285244	0.314575	0.327563	0.46375	0.599725	0.635844	0.6857	0.76025	0.762919	0.758463	0.748938	0.711438	0.687931	0.64945	0.561213	0.547494	0.521813	0.511281	0.485019	0.477194	0.473144	0.483294	0.497181	0.517331	0.569444	0.703163	1
1.2	0	0.0578437	0.164388	0.220037	0.289075	0.336244	0.364456	0.386713	0.407888	0.42875	0.439781	0.446088	0.446088	0.444888	0.446581	0.4508	0.457962	0.476481	0.477869	0.481525	0.487569	0.504363	0.524012	0.5583	0.58435	0.612631	0.690238	0.832244	0.985944	0.998006	0.998888	1
1.3	0	0.0016875	0.0018875	0.00230625	0.03175	0.162656	0.344019	0.392544	0.439856	0.461619	0.477438	0.490238	0.533262	0.5565	0.582388	0.588344	0.591906	0.592125	0.587419	0.579462	0.567388	0.572856	0.58815	0.610944	0.621619	0.635275	0.650756	0.672212	0.745513	0.925206	0.992675	1
1.4	0	0.112662	0.2125	0.317969	0.369669	0.388775	0.408388	0.42445	0.441831	0.467044	0.488425	0.504463	0.519437	0.51755	0.496488	0.481781	0.467431	0.459756	0.453938	0.440669	0.438563	0.435856	0.428419	0.434081	0.462894	0.551156	0.683163	0.767906	0.877625	0.952425	0.994688	1
1.5	0	0.00535	0.0051875	0.00966875	0.0176375	0.0446438	0.174138	0.424669	0.670138	0.893906	0.964213	0.990481	0.991731	0.986406	0.960856	0.848781	0.734844	0.604688	0.545444	0.474681	0.406331	0.340219	0.3052	0.299244	0.310631	0.328856	0.364919	0.401781	0.479544	0.598588	0.817225	1
1.6	0	0.0149938	0.07845	0.128513	0.22595	0.282587	0.306481	0.341725	0.386819	0.436506	0.470506	0.503406	0.525713	0.538544	0.535475	0.529181	0.517356	0.506012	0.508506	0.5119	0.515644	0.523531	0.5359	0.554825	0.597006	0.646544	0.703313	0.778288	0.872006	0.945231	0.979087	1
1.7	0	0.0177687	0.0193688	0.0241937	0.0288938	0.0317375	0.0475813	0.121031	0.2391	0.3565	0.455175	0.518544	0.560469	0.590606	0.616356	0.631056	0.639463	0.645288	0.647244	0.640494	0.620069	0.608394	0.601775	0.604356	0.623431	0.660475	0.745125	0.832794	0.9241	0.969331	0.979281	1
1.8	0	0.0281688	0.0433313	0.0520063	0.0899313	0.180475	0.27045	0.327119	0.371213	0.4003	0.427438	0.451663	0.49235	0.514725	0.553656	0.569213	0.581694	0.595694	0.594594	0.596019	0.593944	0.593681	0.586606	0.602075	0.627763	0.656756	0.704525	0.782406	0.853925	0.902594	0.955688	1
1.9	0	0.0207563	0.02535	0.0240563	0.023725	0.0264312	0.0272	0.0263188	0.0331063	0.040025	0.0580375	0.0983875	0.172588	0.284137	0.389125	0.489919	0.58565	0.693044	0.76795	0.828406	0.8757	0.913463	0.941356	0.949356	0.952769	0.95285	0.955906	0.952069	0.956331	0.961769	0.974219	1
2	0	0.0296	0.0366438	0.0386875	0.0400187	0.0432	0.0443313	0.044275	0.0495688	0.0669	0.0975312	0.157856	0.2246	0.2918	0.346612	0.398619	0.46575	0.563213	0.707019	0.835037	0.909519	0.936256	0.951425	0.956619	0.958075	0.962075	0.965519	0.964613	0.966456	0.97245	0.975731	1
2.1	0	0.0351188	0.0426188	0.045625	0.0469188	0.0484	0.0534937	0.0556563	0.0560938	0.0584813	0.0573063	0.0583563	0.0661063	0.0985938	0.176025	0.352388	0.574569	0.743588	0.871138	0.936013	0.949763	0.9483	0.950031	0.961512	0.964644	0.9684	0.971138	0.974713	0.977025	0.977006	0.980981	1
2.2	0	0.0397	0.0502375	0.0556063	0.0570625	0.06145	0.071675	0.0855875	0.0902375	0.112163	0.141369	0.199406	0.291794	0.392738	0.466588	0.534025	0.579531	0.613287	0.653	0.71685	0.791144	0.838331	0.883	0.888669	0.882131	0.893275	0.903131	0.909131	0.919738	0.929262	0.949881	1
2.3	0	0.0543188	0.0804438	0.10035	0.119881	0.144025	0.159594	0.171488	0.200969	0.253031	0.318056	0.399275	0.464656	0.529769	0.569438	0.588225	0.596087	0.597219	0.607681	0.618169	0.627581	0.628113	0.6502	0.681875	0.724081	0.7646	0.800606	0.839894	0.878038	0.902006	0.930331	1
2.4	0	0.0874875	0.127225	0.144369	0.150619	0.161963	0.17465	0.188731	0.201419	0.21395	0.220963	0.239256	0.27775	0.300306	0.331481	0.386738	0.49315	0.615869	0.710694	0.784231	0.824613	0.837675	0.844063	0.839688	0.824306	0.810319	0.800363	0.80245	0.830756	0.862863	0.912056	1
2.5	0	0.100788	0.179131	0.249762	0.305706	0.352225	0.38945	0.425863	0.4535	0.464044	0.465506	0.455919	0.448169	0.433306	0.430825	0.428975	0.429588	0.435681	0.441844	0.459038	0.484013	0.514969	0.552813	0.607463	0.669675	0.711338	0.748019	0.779269	0.817631	0.858556	0.906938	1
2.6	0	0.149581	0.249694	0.301594	0.333688	0.335481	0.335613	0.352825	0.379138	0.422388	0.4656	0.482381	0.480713	0.472388	0.455263	0.444594	0.435819	0.431663	0.426394	0.413925	0.414669	0.438688	0.48145	0.540856	0.634944	0.743956	0.815638	0.856894	0.882413	0.899106	0.92265	1
2.7	0	0.129125	0.199688	0.2359	0.242694	0.248669	0.273338	0.301237	0.332563	0.3625	0.391863	0.4035	0.416238	0.436188	0.456013	0.485413	0.520256	0.550619	0.564181	0.580744	0.584231	0.593344	0.606644	0.633806	0.684119	0.729087	0.75715	0.783013	0.802519	0.822306	0.873056	1
2.8	0	0.216956	0.353294	0.434319	0.495144	0.52125	0.537425	0.541269	0.531925	0.508638	0.468788	0.428025	0.400731	0.374106	0.353494	0.328381	0.323944	0.335437	0.357094	0.398063	0.4383	0.470944	0.509413	0.546525	0.600469	0.659669	0.705738	0.737406	0.760394	0.800806	0.862056	1
2.9	0	0.2263	0.378606	0.508656	0.599369	0.636569	0.658294	0.660269	0.653969	0.638525	0.6137	0.594081	0.579381	0.547875	0.497463	0.4395	0.395706	0.358794	0.331581	0.307019	0.296125	0.304388	0.326656	0.356475	0.411225	0.469756	0.52255	0.57585	0.625313	0.686994	0.799013	1
3	0	0.176238	0.295606	0.378388	0.431188	0.459994	0.469044	0.46175	0.457725	0.449769	0.432406	0.422988	0.433006	0.45725	0.488088	0.514831	0.530363	0.527338	0.519069	0.521256	0.528188	0.535394	0.546006	0.553194	0.556438	0.557275	0.564356	0.585819	0.62735	0.704081	0.815606	1
3.1	0	0.191881	0.288612	0.345569	0.397013	0.42835	0.442306	0.442569	0.4496	0.452319	0.448794	0.4367	0.437131	0.4459	0.467181	0.48385	0.504031	0.515962	0.53125	0.525725	0.517369	0.5186	0.524575	0.541575	0.573456	0.602013	0.622106	0.649625	0.675056	0.722969	0.817913	1
3.2	0	0.232475	0.361925	0.438831	0.488056	0.523838	0.558688	0.582681	0.588719	0.583106	0.566919	0.552669	0.527294	0.496825	0.479781	0.463831	0.445281	0.4327	0.418244	0.409825	0.413463	0.421381	0.42515	0.437363	0.45565	0.479969	0.520669	0.56575	0.621669	0.698219	0.809031	1
3.3	0	0.208869	0.313787	0.3472	0.3605	0.377075	0.390263	0.404175	0.423662	0.431669	0.432069	0.4358	0.446919	0.452756	0.468319	0.479513	0.496619	0.521925	0.544737	0.564456	0.573806	0.576037	0.581825	0.590919	0.598656	0.60605	0.617094	0.62435	0.641825	0.694331	0.794794	1
3.4	0	0.248131	0.369369	0.430688	0.468769	0.495606	0.498031	0.483694	0.467275	0.457769	0.469588	0.497044	0.513919	0.517244	0.509175	0.500325	0.503113	0.504525	0.504069	0.51305	0.519519	0.513794	0.506788	0.490856	0.486788	0.496038	0.51515	0.536075	0.578031	0.643025	0.762556	1
3.5	0	0.266194	0.387169	0.438581	0.461713	0.479438	0.491425	0.49905	0.497088	0.499625	0.514413	0.510862	0.507969	0.503344	0.493931	0.493444	0.483881	0.476094	0.474019	0.472113	0.458181	0.460738	0.469338	0.489988	0.508038	0.524537	0.542981	0.565469	0.5965	0.661038	0.772844	1
3.6	0	0.221713	0.315544	0.359444	0.386387	0.408238	0.43595	0.450563	0.471913	0.490744	0.515537	0.531212	0.5558	0.567113	0.571275	0.561219	0.559813	0.558713	0.559725	0.547575	0.550681	0.537188	0.520669	0.503519	0.494125	0.500306	0.498294	0.500856	0.519444	0.584531	0.721913	1
3.7	0	0.292019	0.424712	0.497313	0.530275	0.542169	0.529406	0.519431	0.51675	0.518256	0.518925	0.516713	0.520613	0.518569	0.514863	0.507831	0.502244	0.489687	0.476288	0.466913	0.459031	0.455781	0.462888	0.458962	0.462338	0.460644	0.477019	0.499019	0.535125	0.599762	0.726456	1
3.8	0	0.299381	0.432694	0.490988	0.505525	0.508487	0.512381	0.5198	0.522369	0.523687	0.522025	0.514025	0.504619	0.504088	0.506163	0.506819	0.503469	0.500363	0.489513	0.479231	0.472981	0.464369	0.463694	0.461306	0.469788	0.472994	0.478694	0.500844	0.542575	0.6026	0.724531	1
3.9	0	0.321875	0.462144	0.516725	0.540769	0.550687	0.552631	0.552625	0.548306	0.557075	0.577775	0.582944	0.581481	0.572175	0.561981	0.545513	0.534038	0.51995	0.501306	0.4821	0.468388	0.446906	0.420688	0.4007	0.394094	0.399325	0.399925	0.418738	0.441344	0.500525	0.647269	1
