0.01659235172,0
1,0

0.02992593114,0.0188894145
0.9999964577,0.002661696857

0.03750786548,0.03481654697
0.9999858307,0.005323374857

0.04298913195,0.04887226557
0.9999681193,0.007985015143

0.04733894415,0.06166342971
0.9999433234,0.01064659886

0.05096731441,0.07352342505
0.9999114432,0.01330810715

0.0540894776,0.08465728333
0.9998724791,0.01596952115

0.05683375287,0.09520188972
0.9998264312,0.01863082202

0.0592833988,0.1052542205
0.9997732999,0.02129199089

0.06149581114,0.1148861005
0.9997130855,0.02395300892

0.0635124026,0.1241525889
0.9996457886,0.02661385724

0.06536413638,0.1330970648
0.9995714095,0.02927451702

0.06707483385,0.1417544764
0.9994899488,0.0319349694

0.0686632567,0.150153506
0.9994014071,0.03459519553

0.07014447408,0.1583180633
0.9993057849,0.03725517657

0.07153079219,0.1662683475
0.9992030831,0.03991489367

0.07283240543,0.1740216211
0.9990933022,0.04257432798

0.07405786416,0.1815927857
0.9989764432,0.04523346067

0.07521441822,0.1889948194
0.9988525067,0.0478922729

0.07630827405,0.1962391145
0.9987214938,0.05055074583

0.0773447905,0.2033357411
0.9985834052,0.05320886062

0.07832863015,0.2102936574
0.998438242,0.05586659845

0.07926387788,0.2171208775
0.9982860053,0.05852394048

0.08015413489,0.2238246085
0.9981266961,0.0611808679

0.08100259407,0.230411362
0.9979603155,0.06383736186

0.08181210105,0.2368870468
0.9977868647,0.06649340357

0.08258520411,0.2432570459
0.9976063449,0.06914897419

0.08332419527,0.2495262813
0.9974187574,0.07180405491

0.08403114444,0.255699269
0.9972241036,0.07445862693

0.08470792798,0.2617801649
0.9970223849,0.07711267144

0.08535625277,0.2677728051
0.9968136025,0.07976616963

0.08597767653,0.2736807402
0.9965977581,0.0824191027

0.08657362521,0.2795072646
0.9963748532,0.08507145187

0.08714540785,0.2852554426
0.9961448893,0.08772319833

0.08769422937,0.2909281306
0.9959078681,0.09037432331

0.0882212016,0.296527997
0.9956637912,0.09302480802

0.08872735296,0.3020575392
0.9954126604,0.09567463368

0.08921363678,0.3075190994
0.9951544774,0.09832378152

0.08968093865,0.3129148776
0.9948892442,0.1009722328

0.0901300829,0.3182469444
0.9946169625,0.1036199687

0.09056183825,0.3235172508
0.9943376343,0.1062669705

0.09097692288,0.3287276385
0.9940512616,0.1089132194

0.09137600886,0.3338798486
0.9937578464,0.1115586967

0.09175972614,0.3389755287
0.9934573907,0.1142033837

0.0921286661,0.3440162406
0.9931498968,0.1168472615

0.09248338474,0.3490034664
0.9928353667,0.1194903116

0.09282440553,0.3539386139
0.9925138028,0.1221325151

0.09315222193,0.3588230223
0.9921852073,0.1247738533

0.09346729977,0.3636579667
0.9918495825,0.1274143076

0.09377007929,0.3684446625
0.9915069307,0.1300538591

0.09406097709,0.3731842692
0.9911572546,0.1326924893

0.09434038776,0.3778778943
0.9908005564,0.1353301794

0.09460868554,0.3825265962
0.9904368387,0.1379669108

0.09486622567,0.3871313876
0.9900661042,0.1406026647

0.09511334574,0.3916932383
0.9896883554,0.1432374225

0.09535036685,0.3962130776
0.989303595,0.1458711655

0.09557759469,0.4006917966
0.9889118258,0.148503875

0.09579532059,0.4051302507
0.9885130504,0.1511355325

0.09600382238,0.4095292615
0.9881072718,0.1537661192

0.09620336525,0.4138896187
0.9876944928,0.1563956165

0.09639420256,0.4182120817
0.9872747164,0.1590240058

0.09657657651,0.4224973817
0.9868479454,0.1616512685

0.09675071884,0.4267462225
0.986414183,0.164277386

0.09691685144,0.4309592825
0.9859734322,0.1669023396

0.0970751869,0.4351372158
0.9855256962,0.1695261107

0.09722592903,0.4392806535
0.985070978,0.1721486809

0.09736927342,0.4433902047
0.9846092809,0.1747700314

0.09750540778,0.4474664578
0.9841406083,0.1773901437

0.09763451249,0.4515099813
0.9836649634,0.1800089993

0.09775676089,0.4555213249
0.9831823495,0.1826265796

0.09787231972,0.4595010203
0.9826927702,0.1852428661

0.09798134943,0.463449582
0.9821962288,0.1878578401

0.0980840045,0.4673675082
0.9816927289,0.1904714833

0.09818043377,0.4712552814
0.9811822741,0.193083777

0.09827078068,0.4751133695
0.980664868,0.1956947028

0.09835518359,0.4789422256
0.9801405142,0.1983042422

0.09843377598,0.4827422895
0.9796092164,0.2009123767

0.09850668668,0.4865139879
0.9790709785,0.2035190878

0.09857404013,0.4902577349
0.9785258042,0.206124357

0.09863595657,0.4939739326
0.9779736974,0.2087281659

0.09869255221,0.4976629716
0.977414662,0.211330496

0.09874393945,0.5013252316
0.9768487019,0.2139313289

0.09879022701,0.5049610816
0.9762758213,0.2165306463

0.09883152014,0.5085708802
0.9756960241,0.2191284295

0.09886792073,0.5121549766
0.9751093144,0.2217246603

0.09889952748,0.5157137105
0.9745156964,0.2243193203

0.09892643603,0.5192474123
0.9739151743,0.2269123911

0.0989487391,0.5227564041
0.9733077524,0.2295038542

0.09896652658,0.5262409992
0.9726934349,0.2320936914

0.09897988571,0.5297015032
0.9720722263,0.2346818843

0.0989889011,0.5331382138
0.9714441309,0.2372684146

0.09899365493,0.536551421
0.9708091531,0.2398532639

0.09899422697,0.539941408
0.9701672975,0.242436414

0.09899069471,0.5433084506
0.9695185686,0.2450178464

0.09898313348,0.5466528181
0.9688629711,0.247597543

0.09897161647,0.5499747734
0.9682005094,0.2501754855

0.09895621484,0.5532745728
0.9675311885,0.2527516555

0.09893699783,0.5565524668
0.9668550129,0.2553260349

0.09891403278,0.5598087
0.9661719874,0.2578986054

0.09888738523,0.5630435114
0.965482117,0.2604693488

0.09885711897,0.5662571342
0.9647854066,0.2630382469

0.09882329614,0.5694497967
0.9640818609,0.2656052814

0.09878597723,0.5726217218
0.9633714851,0.2681704342

0.09874522119,0.5757731277
0.9626542841,0.2707336871

0.09870108548,0.5789042274
0.9619302631,0.2732950219

0.09865362608,0.5820152295
0.9611994271,0.2758544206

0.09860289759,0.5851063381
0.9604617814,0.2784118649

0.09854895325,0.5881777528
0.9597173311,0.2809673368

0.09849184501,0.5912296691
0.9589660816,0.2835208181

0.09843162354,0.5942622781
0.9582080382,0.2860722908

0.0983683383,0.5972757673
0.9574432062,0.2886217368

0.09830203756,0.60027032
0.956671591,0.291169138

0.09823276847,0.6032461159
0.9558931982,0.2937144763

0.09816057706,0.6062033308
0.9551080332,0.2962577338

0.0980855083,0.6091421374
0.9543161017,0.2987988924

0.09800760614,0.6120627045
0.9535174091,0.3013379341

0.09792691351,0.6149651978
0.9527119612,0.303874841

0.09784347237,0.6178497797
0.9518997637,0.306409595

0.09775732376,0.6207166092
0.9510808223,0.3089421782

0.0976685078,0.6235658427
0.9502551428,0.3114725727

0.09757706373,0.626397633
0.9494227311,0.3140007605

0.09748302994,0.6292121305
0.9485835932,0.3165267237

0.09738644398,0.6320094825
0.9477377348,0.3190504444

0.09728734262,0.6347898336
0.946885162,0.3215719048

0.09718576182,0.6375533256
0.9460258809,0.3240910869

0.0970817368,0.6403000978
0.9451598976,0.326607973

0.09697530205,0.643030287
0.9442872181,0.3291225452

0.09686649133,0.6457440273
0.9434078487,0.3316347856

0.09675533773,0.6484414505
0.9425217956,0.3341446766

0.09664187366,0.6511226861
0.941629065,0.3366522003

0.09652613085,0.6537878612
0.9407296634,0.3391573388

0.09640814043,0.6564371007
0.939823597,0.3416600746

0.0962879329,0.6590705271
0.9389108723,0.3441603899

0.09616553815,0.6616882612
0.9379914957,0.3466582669

0.0960409855,0.6642904212
0.9370654738,0.3491536879

0.0959143037,0.6668771237
0.9361328132,0.3516466353

0.09578552094,0.6694484831
0.9351935203,0.3541370914

0.09565466488,0.6720046118
0.934247602,0.3566250386

0.09552176266,0.6745456204
0.9332950648,0.3591104592

0.09538684089,0.6770716176
0.9323359156,0.3615933357

0.0952499257,0.6795827105
0.9313701612,0.3640736504

0.09511104275,0.6820790041
0.9303978082,0.3665513858

0.09497021721,0.6845606018
0.9294188638,0.3690265242

0.0948274738,0.6870276055
0.9284333348,0.3714990483

0.09468283679,0.6894801151
0.9274412281,0.3739689404

0.09453633002,0.6919182292
0.9264425509,0.3764361831

0.0943879769,0.6943420447
0.9254373101,0.3789007589

0.09423780044,0.6967516569
0.9244255129,0.3813626503

0.09408582322,0.6991471597
0.9234071666,0.3838218398

0.09393206746,0.7015286455
0.9223822782,0.3862783102

0.09377655498,0.7038962052
0.921350855,0.3887320439

0.09361930723,0.7062499282
0.9203129045,0.3911830235

0.09346034528,0.7085899028
0.9192684338,0.3936312318

0.09329968988,0.7109162157
0.9182174504,0.3960766513

0.0931373614,0.7132289523
0.9171599618,0.3985192648

0.09297337989,0.7155281969
0.9160959755,0.4009590549

0.09280776505,0.7178140323
0.9150254989,0.4033960044

0.09264053628,0.7200865401
0.9139485397,0.4058300959

0.09247171265,0.7223458007
0.9128651055,0.4082613123

0.09230131292,0.7245918935
0.911775204,0.4106896363

0.09212935557,0.7268248963
0.9106788429,0.4131150507

0.09195585876,0.7290448862
0.90957603,0.4155375383

0.09178084038,0.7312519389
0.908466773,0.417957082

0.09160431803,0.7334461291
0.9073510799,0.4203736646

0.09142630905,0.7356275304
0.9062289585,0.422787269

0.09124683049,0.7377962153
0.9051004168,0.4251978781

0.09106589916,0.7399522553
0.9039654628,0.4276054749

0.0908835316,0.7420957209
0.9028241045,0.4300100422

0.0906997441,0.7442266816
0.90167635,0.432411563

0.09051455272,0.7463452058
0.9005222075,0.4348100204

0.09032797327,0.7484513611
0.8993616851,0.4372053973

0.09014002131,0.7505452141
0.898194791,0.4395976768

0.08995071221,0.7526268305
0.8970215336,0.4419868418

0.08976006107,0.7546962749
0.895841921,0.4443728755

0.08956808281,0.7567536113
0.8946559618,0.4467557611

0.08937479211,0.7587989026
0.8934636642,0.4491354815

0.08918020346,0.760832211
0.8922650368,0.4515120199

0.08898433113,0.7628535978
0.891060088,0.4538853596

0.08878718918,0.7648631233
0.8898488263,0.4562554836

0.0885887915,0.7668608472
0.8886312604,0.4586223752

0.08838915176,0.7688468284
0.8874073988,0.4609860177

0.08818828347,0.7708211248
0.8861772503,0.4633463942

0.08798619993,0.7727837938
0.8849408236,0.4657034881

0.08778291427,0.7747348919
0.8836981273,0.4680572826

0.08757843944,0.7766744748
0.8824491704,0.4704077611

0.08737278822,0.7786025975
0.8811939616,0.472754907

0.08716597321,0.7805193145
0.8799325099,0.4750987035

0.08695800685,0.7824246791
0.8786648241,0.4774391342

0.08674890143,0.7843187445
0.8773909134,0.4797761823

0.08653866905,0.7862015627
0.8761107866,0.4821098314

0.08632732168,0.7880731854
0.8748244529,0.484440065

0.08611487112,0.7899336634
0.8735319214,0.4867668664

0.08590132903,0.7917830469
0.8722332013,0.4890902193

0.08568670692,0.7936213856
0.8709283016,0.4914101072

0.08547101615,0.7954487283
0.8696172318,0.4937265135

0.08525426793,0.7972651235
0.868300001,0.4960394221

0.08503647336,0.7990706189
0.8669766186,0.4983488163

0.08481764338,0.8008652615
0.8656470941,0.5006546799

0.08459778879,0.8026490979
0.8643114367,0.5029569966

0.08437692028,0.8044221741
0.8629696559,0.50525575

0.0841550484,0.8061845355
0.8616217614,0.5075509239

0.08393218358,0.8079362268
0.8602677625,0.5098425019

0.08370833611,0.8096772923
0.858907669,0.5121304679

0.08348351617,0.8114077758
0.8575414904,0.5144148056

0.08325773383,0.8131277204
0.8561692365,0.5166954988

0.08303099904,0.8148371688
0.8547909169,0.5189725315

0.08280332161,0.8165361631
0.8534065414,0.5212458874

0.08257471126,0.8182247449
0.8520161198,0.5235155505

0.08234517761,0.8199029553
0.850619662,0.5257815047

0.08211473015,0.821570835
0.8492171778,0.5280437339

0.08188337826,0.8232284239
0.8478086773,0.5303022221

0.08165113125,0.8248757619
0.8463941703,0.5325569533

0.08141799828,0.8265128879
0.8449736669,0.5348079115

0.08118398845,0.8281398408
0.8435471772,0.5370550808

0.08094911074,0.8297566587
0.8421147113,0.5392984452

0.08071337404,0.8313633794
0.8406762793,0.5415379889

0.08047678715,0.8329600402
0.8392318914,0.543773696

0.08023935875,0.834546678
0.8377815578,0.5460055507

0.08000109747,0.8361233292
0.8363252889,0.5482335371

0.07976201181,0.8376900298
0.8348630948,0.5504576395

0.07952211022,0.8392468155
0.8333949861,0.5526778421

0.07928140102,0.8407937213
0.8319209731,0.5548941291

0.07903989249,0.842330782
0.8304410662,0.557106485

0.07879759279,0.8438580319
0.8289552759,0.5593148939

0.07855451002,0.845375505
0.8274636128,0.5615193403

0.07831065219,0.8468832348
0.8259660874,0.5637198085

0.07806602723,0.8483812545
0.8244627103,0.5659162829

0.07782064299,0.8498695968
0.8229534922,0.5681087481

0.07757450727,0.8513482941
0.8214384438,0.5702971884

0.07732762775,0.8528173784
0.8199175757,0.5724815883

0.07708001207,0.8542768813
0.8183908989,0.5746619325

0.07683166778,0.8557268342
0.816858424,0.5768382053

0.07658260239,0.8571672679
0.815320162,0.5790103915

0.07633282329,0.8585982129
0.8137761238,0.5811784755

0.07608233784,0.8600196995
0.8122263202,0.5833424422

0.07583115332,0.8614317575
0.8106707623,0.585502276

0.07557927695,0.8628344164
0.809109461,0.5876579618

0.07532671587,0.8642277054
0.8075424276,0.5898094842

0.07507347718,0.8656116533
0.8059696729,0.5919568281

0.07481956789,0.8669862886
0.8043912083,0.5940999781

0.07456499497,0.8683516396
0.8028070448,0.5962389192

0.07430976532,0.8697077339
0.8012171938,0.5983736361

0.07405388579,0.8710545993
0.7996216664,0.6005041138

0.07379736316,0.8723922629
0.798020474,0.602630337

0.07354020415,0.8737207516
0.7964136278,0.6047522909

0.07328241545,0.8750400921
0.7948011394,0.6068699604

0.07302400366,0.8763503105
0.7931830201,0.6089833303

0.07276497535,0.877651433
0.7915592814,0.6110923859

0.07250533702,0.8789434853
0.7899299347,0.613197112

0.07224509514,0.8802264927
0.7882949917,0.6152974939

0.0719842561,0.8815004804
0.7866544639,0.6173935166

0.07172282627,0.8827654732
0.785008363,0.6194851653

0.07146081196,0.8840214957
0.7833567005,0.6215724252

0.07119821941,0.8852685722
0.7816994882,0.6236552815

0.07093505484,0.8865067266
0.7800367379,0.6257337194

0.07067132441,0.8877359827
0.7783684613,0.6278077241

0.07040703424,0.888956364
0.7766946702,0.6298772811

0.0701421904,0.8901678936
0.7750153765,0.6319423757

0.06987679892,0.8913705945
0.7733305921,0.6340029931

0.06961086579,0.8925644893
0.771640329,0.6360591189

0.06934439694,0.8937496005
0.769944599,0.6381107384

0.06907739828,0.8949259502
0.7682434143,0.6401578371

0.06880987566,0.8960935604
0.7665367868,0.6422004005

0.06854183491,0.8972524526
0.7648247287,0.6442384142

0.06827328181,0.8984026483
0.7631072521,0.6462718637

0.06800422209,0.8995441686
0.7613843691,0.6483007346

0.06773466146,0.9006770346
0.759656092,0.6503250125

0.06746460559,0.9018012667
0.757922433,0.652344683

0.06719406011,0.9029168856
0.7561834044,0.654359732

0.0669230306,0.9040239114
0.7544390186,0.656370145

0.06665152263,0.9051223641
0.7526892877,0.6583759079

0.06637954173,0.9062122635
0.7509342244,0.6603770064

0.06610709338,0.907293629
0.7491738409,0.6623734264

0.06583418304,0.90836648
0.7474081499,0.6643651538

0.06556081614,0.9094308355
0.7456371637,0.6663521743

0.06528699808,0.9104867144
0.7438608949,0.6683344739

0.0650127342,0.9115341354
0.7420793561,0.6703120387

0.06473802986,0.9125731169
0.74029256,0.6722848545

0.06446289034,0.913603677
0.7385005191,0.6742529075

0.06418732093,0.9146258339
0.7367032463,0.6762161836

0.06391132687,0.9156396052
0.7349007542,0.6781746689

0.06363491337,0.9166450085
0.7330930555,0.6801283496

0.06335808564,0.9176420612
0.7312801632,0.6820772119

0.06308084883,0.9186307806
0.72946209,0.6840212418

0.06280320807,0.9196111835
0.7276388488,0.6859604258

0.06252516849,0.9205832868
0.7258104526,0.6878947499

0.06224673517,0.9215471069
0.7239769142,0.6898242006

0.06196791318,0.9225026604
0.7221382468,0.6917487641

0.06168870755,0.9234499632
0.7202944632,0.6936684268

0.0614091233,0.9243890316
0.7184455766,0.6955831751

0.06112916543,0.9253198812
0.7165916001,0.6974929954

0.0608488389,0.9262425276
0.7147325468,0.6993978743

0.06056814868,0.9271569863
0.7128684298,0.7012977982

0.06028709969,0.9280632725
0.7109992625,0.7031927536

0.06000569684,0.9289614013
0.709125058,0.7050827272

0.05972394502,0.9298513875
0.7072458295,0.7069677055

0.0594418491,0.9307332458
0.7053615905,0.7088476752

0.05915941394,0.9316069907
0.7034723543,0.7107226229

0.05887664437,0.9324726366
0.7015781342,0.7125925355

0.05859354521,0.9333301975
0.6996789437,0.7144573996

0.05831012125,0.9341796875
0.6977747961,0.716317202

0.05802637729,0.9350211204
0.6958657052,0.7181719295

0.05774231809,0.9358545097
0.6939516842,0.7200215691

0.05745794841,0.9366798691
0.6920327469,0.7218661076

0.05717327297,0.9374972116
0.6901089067,0.7237055319

0.05688829651,0.9383065506
0.6881801774,0.725539829

0.05660302373,0.9391078988
0.6862465725,0.7273689859

0.05631745933,0.9399012692
0.6843081059,0.7291929897

0.05603160799,0.9406866742
0.6823647912,0.7310118274

0.05574547438,0.9414641265
0.6804166421,0.7328254861

0.05545906317,0.9422336383
0.6784636726,0.7346339531

0.055172379,0.9429952216
0.6765058964,0.7364372154

0.0548854265,0.9437488886
0.6745433273,0.7382352603

0.05459821031,0.944494651
0.6725759794,0.7400280751

0.05431073504,0.9452325205
0.6706038665,0.741815647

0.05402300529,0.9459625086
0.6686270027,0.7435979635

0.05373502568,0.9466846266
0.6666454018,0.7453750118

0.05344680078,0.9473988858
0.664659078,0.7471467794

0.05315833517,0.9481052971
0.6626680453,0.7489132538

0.05286963345,0.9488038716
0.6606723179,0.7506744223

0.05258070016,0.9494946198
0.6586719098,0.7524302726

0.05229153988,0.9501775525
0.6566668353,0.7541807922

0.05200215717,0.95085268
0.6546571086,0.7559259687

0.05171255657,0.9515200127
0.6526427438,0.7576657898

0.05142274262,0.9521795607
0.6506237552,0.759400243

0.05113271988,0.952831334
0.6486001573,0.7611293162

0.05084249287,0.9534753425
0.6465719642,0.762852997

0.05055206615,0.9541115959
0.6445391904,0.7645712733

0.05026144422,0.9547401038
0.6425018503,0.7662841329

0.04997063164,0.9553608756
0.6404599583,0.7679915636

0.04967963292,0.9559739205
0.6384135289,0.7696935534

0.04938845259,0.9565792479
0.6363625765,0.7713900902

0.04909709517,0.9571768665
0.6343071157,0.773081162

0.04880556521,0.9577667854
0.6322471611,0.7747667567

0.04851386721,0.9583490133
0.6301827272,0.7764468625

0.04822200571,0.9589235588
0.6281138287,0.7781214675

0.04792998523,0.9594904302
0.6260404803,0.7797905597

0.04763781031,0.9600496361
0.6239626966,0.7814541274

0.04734548547,0.9606011845
0.6218804923,0.7831121588

0.04705301526,0.9611450835
0.6197938822,0.7847646421

0.04676040421,0.9616813411
0.6177028811,0.7864115657

0.04646765687,0.962209965
0.6156075038,0.7880529178

0.04617477778,0.9627309629
0.6135077652,0.7896886868

0.04588177149,0.9632443423
0.6114036801,0.7913188612

0.04558864257,0.9637501107
0.6092952633,0.7929434293

0.04529539557,0.9642482753
0.60718253,0.7945623797

0.04500203507,0.9647388432
0.605065495,0.796175701

0.04470856565,0.9652218215
0.6029441733,0.7977833816

0.04441499189,0.9656972171
0.6008185799,0.7993854102

0.04412131838,0.9661650368
0.59868873,0.8009817754

0.04382754974,0.966625287
0.5965546386,0.802572466

0.04353369057,0.9670779745
0.5944163208,0.8041574706

0.0432397455,0.9675231055
0.5922737917,0.8057367781

0.04294571915,0.9679606864
0.5901270667,0.8073103772

0.04265161619,0.9683907232
0.5879761608,0.8088782568

0.04235744125,0.968813222
0.5858210892,0.8104404058

0.04206319902,0.9692281887
0.5836618674,0.8119968131

0.04176889418,0.969635629
0.5814985105,0.8135474677

0.04147453142,0.9700355486
0.5793310339,0.8150923587

0.04118011546,0.970427953
0.577159453,0.8166314749

0.04088565101,0.9708128477
0.5749837831,0.8181648057

0.04059114283,0.9711902378
0.5728040396,0.81969234

0.04029659568,0.9715601287
0.570620238,0.8212140671

0.04000201432,0.9719225253
0.5684323938,0.8227299762

0.03970740355,0.9722774325
0.5662405224,0.8242400565

0.03941276819,0.9726248553
0.5640446395,0.8257442974

0.03911811307,0.9729647982
0.5618447604,0.8272426882

0.03882344303,0.9732972659
0.5596409009,0.8287352183

0.03852876295,0.9736222628
0.5574330766,0.8302218771

0.03823407772,0.9739397932
0.555221303,0.831702654

0.03793939226,0.9742498615
0.5530055959,0.8331775387

0.0376447115,0.9745524717
0.5507859709,0.8346465205

0.03735004041,0.9748476277
0.5485624439,0.8361095892

0.03705538398,0.9751353336
0.5463350304,0.8375667344

0.0367607472,0.9754155931
0.5441037464,0.8390179457

0.03646613513,0.9756884097
0.5418686075,0.8404632129

0.03617155282,0.9759537872
0.5396296298,0.8419025256

0.03587700536,0.9762117289
0.5373868289,0.8433358738

0.03558249788,0.9764622381
0.5351402209,0.8447632473

0.03528803552,0.976705318
0.5328898216,0.8461846359

0.03499362347,0.9769409718
0.5306356469,0.8476000296

0.03469926692,0.9771692024
0.5283777129,0.8490094184

0.03440497113,0.9773900127
0.5261160355,0.8504127922

0.03411074137,0.9776034054
0.5238506308,0.8518101412

0.03381658295,0.9778093833
0.5215815148,0.8532014554

0.03352250121,0.9780079489
0.5193087035,0.8545867249

0.03322850153,0.9781991045
0.5170322132,0.8559659401

0.03293458932,0.9783828526
0.5147520598,0.857339091

0.03264077004,0.9785591953
0.5124682596,0.8587061679

0.03234704918,0.9787281348
0.5101808288,0.8600671613

0.03205343228,0.978889673
0.5078897835,0.8614220614

0.03175992489,0.9790438119
0.50559514,0.8627708586

0.03146653265,0.9791905532
0.5032969145,0.8641135434

0.0311732612,0.9793298987
0.5009951234,0.8654501062

0.03088011625,0.9794618498
0.4986897829,0.8667805376

0.03058710354,0.9795864081
0.4963809093,0.8681048283

0.03029422887,0.9797035749
0.4940685191,0.8694229687

0.03000149808,0.9798133515
0.4917526286,0.8707349495

0.02970891705,0.979915739
0.4894332542,0.8720407615

0.02941649174,0.9800107385
0.4871104123,0.8733403954

0.02912422812,0.980098351
0.4847841194,0.874633842

0.02883213224,0.9801785771
0.482454392,0.8759210921

0.02854021021,0.9802514178
0.4801212465,0.8772021367

0.02824846817,0.9803168735
0.4777846996,0.8784769666

0.02795691234,0.9803749449
0.4754447678,0.8797455728

0.02766554898,0.9804256324
0.4731014676,0.8810079463

0.02737438442,0.9804689362
0.4707548156,0.8822640781

0.02708342505,0.9805048567
0.4684048285,0.8835139595

0.02679267733,0.9805333938
0.466051523,0.8847575815

0.02650214777,0.9805545477
0.4636949156,0.8859949352

0.02621184296,0.9805683183
0.4613350231,0.8872260121

0.02592176954,0.9805747053
0.4589718622,0.8884508032

0.02563193423,0.9805737085
0.4566054497,0.8896693

0.02534234383,0.9805653274
0.4542358022,0.8908814938

0.0250530052,0.9805495617
0.4518629367,0.892087376

0.02476392527,0.9805264107
0.4494868699,0.8932869381

0.02447511106,0.9804958738
0.4471076187,0.8944801716

0.02418656966,0.9804579501
0.4447251998,0.895667068

0.02389830825,0.9804126388
0.4423396302,0.8968476189

0.02361033408,0.9803599389
0.4399509268,0.898021816

0.02332265448,0.9802998493
0.4375591065,0.8991896509

0.02303527689,0.9802323689
0.4351641863,0.9003511154

0.02274820881,0.9801574964
0.4327661831,0.9015062012

0.02246145786,0.9800752305
0.4303651138,0.9026549002

0.02217503172,0.9799855696
0.4279609956,0.9037972041

0.0218889382,0.9798885123
0.4255538455,0.904933105

0.02160318517,0.9797840569
0.4231436804,0.9060625948

0.02131778063,0.9796722017
0.4207305176,0.9071856654

0.02103273268,0.9795529449
0.418314374,0.908302309

0.0207480495,0.9794262844
0.4158952668,0.9094125176

0.02046373941,0.9792922185
0.4134732131,0.9105162832

0.02017981081,0.9791507449
0.4110482301,0.9116135983

0.01989627224,0.9790018614
0.408620335,0.9127044548

0.01961313234,0.9788455658
0.4061895449,0.9137888452

0.01933039987,0.9786818558
0.4037558772,0.9148667617

0.01904808371,0.9785107289
0.401319349,0.9159381967

0.01876619287,0.9783321826
0.3988799776,0.9170031426

0.0184847365,0.9781462142
0.3964377802,0.9180615918

0.01820372385,0.977952821
0.3939927742,0.919113537

0.01792316433,0.9777520004
0.391544977,0.9201589705

0.01764306748,0.9775437494
0.3890944058,0.921197885

0.01736344298,0.9773280651
0.386641078,0.9222302732

0.01708430065,0.9771049445
0.3841850109,0.9232561277

0.01680565048,0.9768743844
0.3817262221,0.9242754413

0.01652750257,0.9766363818
0.3792647288,0.9252882067

0.01624986723,0.9763909334
0.3768005487,0.9262944168

0.01597275489,0.9761380359
0.374333699,0.9272940644

0.01569617615,0.9758776858
0.3718641973,0.9282871424

0.0154201418,0.9756098798
0.369392061,0.9292736439

0.01514466278,0.9753346144
0.3669173078,0.9302535618

0.01486975021,0.9750518858
0.3644399551,0.9312268892

0.01459541541,0.9747616906
0.3619600204,0.9321936192

0.01432166987,0.974464025
0.3594775214,0.9331537449

0.01404852527,0.9741588852
0.3569924756,0.9341072595

0.01377599349,0.9738462674
0.3545049007,0.9350541564

0.01350408663,0.9735261678
0.3520148142,0.9359944287

0.01323281695,0.9731985824
0.3495222338,0.9369280698

0.01296219698,0.9728635072
0.3470271772,0.9378550732

0.01269223942,0.9725209382
0.344529662,0.9387754321

0.01242295722,0.9721708715
0.342029706,0.9396891402

0.01215436355,0.9718133027
0.3395273268,0.9405961909

0.01188647181,0.9714482279
0.3370225421,0.9414965778

0.01161929565,0.9710756429
0.3345153698,0.9423902946

0.01135284897,0.9706955435
0.3320058276,0.9432773349

0.01108714592,0.9703079254
0.3294939332,0.9441576923

0.0108222009,0.9699127844
0.3269797044,0.9450313608

0.01055802859,0.9695101163
0.3244631592,0.945898334

0.01029464394,0.9690999168
0.3219443152,0.9467586059

0.01003206219,0.9686821816
0.3194231904,0.9476121704

0.009770298854,0.9682569065
0.3168998025,0.9484590213

0.009509369757,0.9678240872
0.3143741696,0.9492991528

0.009249291021,0.9673837194
0.3118463094,0.9501325588

0.008990079083,0.9669357989
0.3093162399,0.9509592335

0.008731750699,0.9664803214
0.306783979,0.9517791709

0.008474322957,0.9660172829
0.3042495446,0.9525923654

0.008217813281,0.9655466791
0.3017129548,0.9533988111

0.007962239443,0.965068506
0.2991742274,0.9541985022

0.00770761957,0.9645827594
0.2966333805,0.9549914333

0.007453972153,0.9640894355
0.294090432,0.9557775985

0.007201316061,0.9635885302
0.2915454,0.9565569924

0.006949670544,0.9630800397
0.2889983025,0.9573296095

0.006699055247,0.9625639603
0.2864491576,0.9580954442

0.006449490221,0.9620402883
0.2838979832,0.9588544911

0.00620099593,0.9615090202
0.2813447976,0.9596067449

0.005953593262,0.9609701525
0.2787896187,0.9603522002

0.005707303544,0.960423682
0.2762324647,0.9610908518

0.005462148548,0.9598696054
0.2736733537,0.9618226944

0.005218150504,0.9593079199
0.2711123039,0.9625477228

0.004975332111,0.9587386225
0.2685493332,0.9632659319

0.004733716549,0.9581617107
0.26598446,0.9639773166

0.004493327491,0.9575771821
0.2634177024,0.9646818719

0.004254189113,0.9569850344
0.2608490786,0.9653795928

0.004016326107,0.9563852656
0.2582786068,0.9660704743

0.003779763693,0.9557778741
0.2557063051,0.9667545115

0.003544527632,0.9551628585
0.2531321919,0.9674316996

0.003310644235,0.9545402176
0.2505562853,0.9681020338

0.003078140377,0.9539099505
0.2479786036,0.9687655094

0.002847043512,0.9532720568
0.2453991651,0.9694221216

0.002617381678,0.9526265364
0.242817988,0.9700718657

0.002389183517,0.9519733896
0.2402350906,0.9707147373

0.00216247828,0.951312617
0.2376504913,0.9713507317

0.001937295842,0.9506442199
0.2350642082,0.9719798444

0.001713666713,0.9499681997
0.2324762599,0.972602071

0.001491622049,0.9492845586
0.2298866645,0.9732174071

0.001271193661,0.9485932993
0.2272954404,0.9738258483

0.001052414027,0.947894425
0.2247026061,0.9744273902

0.0008353162982,0.9471879394
0.2221081798,0.9750220287

0.0006199343134,0.9464738472
0.2195121799,0.9756097595

0.0004063026013,0.9457521533
0.2169146249,0.9761905785

0.0001944563901,0.9450228638
0.2143155332,0.9767644815

-1.556838744e-05,0.9442859852
0.211714923,0.9773314644

-0.0002237350888,0.943541525
0.209112813,0.9778915234

-0.0004300063589,0.9427894916
0.2065092214,0.9784446543

-0.0006343441286,0.942029894
0.2039041669,0.9789908532

-0.0008367096147,0.9412627426
0.2012976677,0.9795301164

-0.001037063322,0.9404880486
0.1986897424,0.98006244

-0.001235365049,0.9397058241
0.1960804095,0.9805878202

-0.001431573893,0.9389160827
0.1934696874,0.9811062532

-0.00162564826,0.9381188388
0.1908575946,0.9816177355

-0.001817545881,0.9373141084
0.1882441497,0.9821222633

-0.002007223822,0.9365019087
0.1856293711,0.9826198332

-0.002194638513,0.9356822581
0.1830132774,0.9831104415

-0.002379745761,0.9348551767
0.1803958872,0.9835940849

-0.00256250079,0.934020686
0.1777772189,0.9840707599

-0.002742858267,0.9331788092
0.1751572911,0.9845404631

-0.002920772343,0.9323295712
0.1725361224,0.9850031911

-0.003096196701,0.9314729983
0.1699137313,0.9854589408

-0.003269084603,0.9306091192
0.1672901364,0.9859077088

-0.003439388952,0.9297379641
0.1646653564,0.986349492

-0.003607062355,0.9288595653
0.1620394097,0.9867842873

-0.0037720572,0.9279739572
0.1594123151,0.9872120916

-0.003934325732,0.9270811763
0.1567840911,0.9876329018

-0.004093820154,0.9261812614
0.1541547563,0.988046715

-0.004250492717,0.9252742537
0.1515243294,0.9884535283

-0.004404295842,0.9243601964
0.148892829,0.9888533387

-0.004555182234,0.9234391357
0.1462602738,0.9892461434

-0.004703105019,0.9225111198
0.1436266823,0.9896319397

-0.004848017889,0.9215761999
0.1409920733,0.9900107248

-0.004989875258,0.9206344296
0.1383564655,0.990382496

-0.005128632435,0.9196858653
0.1357198774,0.9907472508

-0.005264245805,0.918730566
0.1330823278,0.9911049864

-0.005396673022,0.9177685937
0.1304438353,0.9914557004

-0.005525873223,0.9168000129
0.1278044187,0.9917993903

-0.005651807247,0.9158248912
0.1251640967,0.9921360536

-0.005774437869,0.9148432987
0.1225228879,0.992465688

-0.005893730048,0.9138553084
0.1198808111,0.9927882912

-0.006009651183,0.9128609959
0.1172378849,0.9931038608

-0.006122171384,0.9118604396
0.1145941282,0.9934123946

-0.006231263744,0.9108537202
0.1119495596,0.9937138905

-0.006336904631,0.9098409212
0.1093041979,0.9940083462

-0.006439073972,0.9088221279
0.1066580619,0.9942957597

-0.006537755551,0.9077974282
0.1040111701,0.9945761291

-0.006632937301,0.9067669115
0.1013635415,0.9948494522

-0.006724611599,0.9057306692
0.09871519482,0.9951157271

-0.006812775552,0.904688794
0.09606614874,0.995374952

-0.006897431276,0.9036413798
0.09341642206,0.995627125

-0.006978586163,0.9025885211
0.09076603356,0.9958722444

-0.007056253129,0.901530313
0.08811500202,0.9961103084

-0.007130450843,0.9004668508
0.08546334621,0.9963413152

-0.007201203932,0.8993982292
0.08281108492,0.9965652634

-0.007268543152,0.8983245421
0.08015823695,0.9967821512

-0.007332505529,0.8972458823
0.07750482108,0.9969919773

-0.007393134461,0.8961623406
0.07485085612,0.9971947399

-0.007450479778,0.8950740057
0.07219636087,0.9973904378

-0.007504597756,0.8939809633
0.06954135414,0.9975790696

-0.007555551085,0.8928832959
0.06688585472,0.9977606338

-0.007603408783,0.8917810822
0.06422988145,0.9979351293

-0.007648246064,0.8906743962
0.06157345313,0.9981025548

-0.007690144145,0.8895633074
0.05891658858,0.9982629091

-0.007729190011,0.8884478794
0.05625930663,0.998416191

-0.007765476118,0.8873281704
0.05360162611,0.9985623995

-0.007799100057,0.886204232
0.05094356583,0.9987015335

-0.007830164165,0.8850761091
0.04828514464,0.9988335921

-0.007858775098,0.8839438397
0.04562638137,0.9989585744

-0.007885043366,0.8828074542
0.04296729485,0.9990764793

-0.007909082834,0.8816669756
0.04030790392,0.9991873062

-0.007931010202,0.8805224189
0.03764822742,0.9992910542

-0.007950944463,0.8793737911
0.0349882842,0.9993877225

-0.007969006348,0.8782210912
0.0323280931,0.9994773106

-0.007985317774,0.8770643103
0.02966767297,0.9995598177

-0.008000001282,0.8759034312
0.02700704265,0.9996352433

-0.008013179492,0.8747384289
0.024346221,0.9997035868

-0.008024974573,0.8735692706
0.02168522686,0.9997648478

-0.008035507728,0.8723959159
0.01902407909,0.9998190258

-0.008044898713,0.8712183171
0.01636279654,0.9998661205

-0.00805326538,0.8700364195
0.01370139807,0.9999061314

-0.008060723259,0.8688501617
0.01103990253,0.9999390584

-0.008067385173,0.8676594757
0.00837832877,0.9999649012

-0.008073360898,0.866464288
0.005716695657,0.9999836596

-0.008078756858,0.8652645191
0.003055022043,0.9999953334

-0.008083675868,0.8640600846
0.0003933267848,0.9999999226

-0.008088216908,0.8628508954
-0.00226837126,0.9999974272

-0.008092474952,0.861636858
-0.004930053234,0.9999878472

-0.008096540822,0.8604178752
-0.00759170028,0.9999711826

-0.008100501087,0.8591938462
-0.01025329354,0.9999474336

-0.008104438,0.8579646672
-0.01291481416,0.9999166003

-0.008108429458,0.856730232
-0.01557624329,0.999878683

-0.008112549002,0.855490432
-0.01823756206,0.9998336818

-0.008116865839,0.8542451568
-0.02089875162,0.9997815972

-0.008121444891,0.8529942943
-0.02355979313,0.9997224296

-0.008126346864,0.8517377315
-0.02622066772,0.9996561792

-0.008131628336,0.8504753544
-0.02888135655,0.9995828466

-0.008137341864,0.8492070484
-0.03154184076,0.9995024324

-0.008143536098,0.8479326985
-0.03420210152,0.999414937

-0.008150255914,0.8466521897
-0.03686211996,0.9993203611

-0.008157542552,0.8453654071
-0.03952187724,0.9992187054

-0.008165433755,0.8440722362
-0.04218135453,0.9991099706

-0.008173963927,0.8427725627
-0.04484053298,0.9989941574

-0.008183164276,0.8414662733
-0.04749939375,0.9988712668

-0.008193062977,0.8401532553
-0.050157918,0.9987412995

-0.008203685316,0.8388333969
-0.05281608691,0.9986042564

-0.008215053851,0.8375065873
-0.05547388163,0.9984601386

-0.00822718856,0.8361727167
-0.05813128333,0.9983089471

-0.008240106986,0.8348316767
-0.0607882732,0.9981506829

-0.008253824386,0.8334833599
-0.0634448324,0.9979853472

-0.008268353868,0.8321276602
-0.06610094212,0.9978129411

-0.008283706526,0.8307644729
-0.06875658354,0.9976334659

-0.008299891575,0.8293936943
-0.07141173785,0.9974469227

-0.008316916469,0.8280152224
-0.07406638622,0.9972533131

-0.00833478703,0.8266289563
-0.07672050986,0.9970526382

-0.008353507554,0.8252347965
-0.07937408997,0.9968448996

-0.008373080924,0.8238326448
-0.08202710774,0.9966300987

-0.008393508714,0.8224224045
-0.08467954437,0.996408237

-0.008414791285,0.8210039798
-0.08733138108,0.9961793161

-0.008436927878,0.8195772765
-0.08998259908,0.9959433377

-0.008459916702,0.8181422016
-0.09263317959,0.9957003033

-0.008483755017,0.8166986631
-0.09528310382,0.9954502148

-0.008508439208,0.8152465703
-0.097932353,0.9951930738

-0.008533964861,0.8137858338
-0.1005809084,0.9949288823

-0.008560326828,0.8123163651
-0.1032287512,0.9946576421

-0.008587519295,0.8108380767
-0.1058758626,0.994379355

-0.008615535835,0.8093508824
-0.108522224,0.9940940232

-0.008644369468,0.8078546967
-0.1111678165,0.9938016485

-0.008674012712,0.8063494352
-0.1138126214,0.9935022331

-0.008704457629,0.8048350143
-0.11645662,0.9931957791

-0.008735695874,0.8033113513
-0.1190997936,0.9928822887

-0.008767718729,0.8017783644
-0.1217421234,0.992561764

-0.008800517149,0.8002359723
-0.1243835906,0.9922342074

-0.008834081793,0.7986840946
-0.1270241767,0.9918996212

-0.00886840306,0.7971226516
-0.1296638628,0.9915580077

-0.008903471116,0.7955515641
-0.1323026304,0.9912093694

-0.008939275924,0.7939707536
-0.1349404606,0.9908537087

-0.008975807271,0.7923801421
-0.1375773348,0.9904910282

-0.009013054788,0.790779652
-0.1402132343,0.9901213304

-0.009051007978,0.7891692063
-0.1428481404,0.989744618

-0.009089656228,0.7875487284
-0.1454820346,0.9893608935

-0.009128988837,0.785918142
-0.148114898,0.9889701598

-0.009168995023,0.7842773711
-0.1507467121,0.9885724196

-0.009209663946,0.7826263402
-0.1533774582,0.9881676757

-0.009250984718,0.7809649738
-0.1560071177,0.987755931

-0.009292946418,0.7792931967
-0.1586356719,0.9873371884

-0.009335538102,0.777610934
-0.1612631023,0.9869114509

-0.009378748814,0.7759181108
-0.1638893901,0.9864787214

-0.009422567596,0.7742146524
-0.1665145169,0.9860390031

-0.009466983496,0.7725004841
-0.169138464,0.9855922991

-0.009511985577,0.7707755312
-0.1717612128,0.9851386125

-0.009557562921,0.7690397191
-0.1743827447,0.9846779465

-0.00960370464,0.7672929731
-0.1770030411,0.9842103045

-0.009650399876,0.7655352184
-0.1796220836,0.9837356896

-0.009697637809,0.7637663803
-0.1822398535,0.9832541054

-0.009745407661,0.7619863835
-0.1848563323,0.9827655552

-0.009793698698,0.7601951531
-0.1874715015,0.9822700424

-0.009842500238,0.7583926135
-0.1900853425,0.9817675705

-0.009891801646,0.7565786893
-0.1926978368,0.9812581432

-0.009941592342,0.7547533044
-0.1953089659,0.9807417641

-0.009991861801,0.7529163827
-0.1979187114,0.9802184367

-0.01004259956,0.7510678478
-0.2005270546,0.9796881649

-0.0100937952,0.7492076226
-0.2031339772,0.9791509523

-0.01014543837,0.7473356299
-0.2057394606,0.9786068027

-0.01019751879,0.7454517921
-0.2083434865,0.9780557201

-0.01025002621,0.743556031
-0.2109460363,0.9774977083

-0.01030295047,0.7416482679
-0.2135470916,0.9769327713

-0.01035628145,0.7397284237
-0.2161466341,0.9763609131

-0.01041000909,0.7377964186
-0.2187446452,0.9757821377

-0.0104641234,0.7358521725
-0.2213411066,0.9751964492

-0.01051861444,0.7338956044
-0.2239359998,0.9746038518

-0.01057347231,0.7319266329
-0.2265293066,0.9740043497

-0.0106286872,0.7299451757
-0.2291210085,0.9733979471

-0.01068424932,0.72795115
-0.2317110871,0.9727846484

-0.01074014895,0.7259444721
-0.2342995242,0.9721644578

-0.01079637641,0.7239250578
-0.2368863013,0.9715373798

-0.01085292209,0.7218928218
-0.2394714001,0.9709034187

-0.0109097764,0.7198476782
-0.2420548024,0.9702625792

-0.01096692981,0.7177895402
-0.2446364898,0.9696148657

-0.01102437282,0.71571832
-0.2472164441,0.9689602829

-0.01108209599,0.7136339291
-0.2497946469,0.9682988353

-0.01114008991,0.7115362779
-0.25237108,0.9676305276

-0.0111983452,0.7094252759
-0.2549457252,0.9669553646

-0.01125685252,0.7073008315
-0.2575185642,0.9662733511

-0.01131560255,0.7051628521
-0.2600895787,0.9655844919

-0.01137458602,0.703011244
-0.2626587506,0.9648887919

-0.01143379367,0.7008459125
-0.2652260616,0.964186256

-0.01149321627,0.6986667616
-0.2677914936,0.9634768892

-0.01155284461,0.6964736942
-0.2703550284,0.9627606964

-0.01161266949,0.6942666119
-0.2729166479,0.9620376829

-0.01167268173,0.6920454151
-0.2754763338,0.9613078537

-0.01173287216,0.689810003
-0.278034068,0.9605712139

-0.01179323163,0.6875602734
-0.2805898325,0.9598277689

-0.01185375099,0.6852961225
-0.2831436092,0.9590775238

-0.01191442108,0.6830174454
-0.2856953798,0.958320484

-0.01197523275,0.6807241357
-0.2882451264,0.9575566548

-0.01203617685,0.6784160853
-0.2907928309,0.9567860417

-0.01209724423,0.6760931848
-0.2933384752,0.95600865

-0.01215842569,0.6737553231
-0.2958820413,0.9552244855

-0.01221971207,0.6714023875
-0.2984235112,0.9544335535

-0.01228109415,0.6690342636
-0.3009628669,0.9536358596

-0.01234256271,0.6666508353
-0.3035000904,0.9528314096

-0.0124041085,0.6642519847
-0.3060351636,0.9520202091

-0.01246572225,0.6618375922
-0.3085680688,0.9512022639

-0.01252739464,0.6594075362
-0.3110987878,0.9503775798

-0.01258911631,0.6569616933
-0.3136273028,0.9495461626

-0.0126508779,0.654499938
-0.3161535959,0.9487080182

-0.01271266995,0.6520221428
-0.3186776491,0.9478631526

-0.01277448299,0.6495281783
-0.3211994446,0.9470115716

-0.01283630749,0.6470179126
-0.3237189645,0.9461532814

-0.01289813385,0.6444912118
-0.326236191,0.9452882881

-0.0129599524,0.6419479399
-0.3287511063,0.9444165978

-0.01302175344,0.6393879583
-0.3312636924,0.9435382165

-0.01308352717,0.6368111261
-0.3337739317,0.9426531507

-0.01314526371,0.6342173
-0.3362818063,0.9417614065

-0.01320695311,0.631606334
-0.3387872984,0.9408629902

-0.01326858533,0.6289780796
-0.3412903904,0.9399579083

-0.01333015024,0.6263323857
-0.3437910645,0.9390461671

-0.01339163761,0.6236690983
-0.3462893029,0.9381277731

-0.01345303709,0.6209880606
-0.3487850879,0.9372027328

-0.01351433826,0.6182891129
-0.351278402,0.9362710528

-0.01357553054,0.6155720924
-0.3537692274,0.9353327396

-0.01363660326,0.6128368334
-0.3562575464,0.9343877999

-0.01369754561,0.6100831667
-0.3587433415,0.9334362404

-0.01375834663,0.6073109202
-0.361226595,0.9324780679

-0.01381899525,0.604519918
-0.3637072894,0.931513289

-0.01387948022,0.601709981
-0.366185407,0.9305419108

-0.01393979015,0.5988809265
-0.3686609304,0.9295639399

-0.01399991349,0.5960325678
-0.3711338419,0.9285793835

-0.01405983851,0.5931647148
-0.373604124,0.9275882484

-0.01411955329,0.5902771731
-0.3760717593,0.9265905416

-0.01417904573,0.5873697445
-0.3785367303,0.9255862703

-0.01423830354,0.5844422264
-0.3809990195,0.9245754416

-0.0142973142,0.5814944119
-0.3834586094,0.9235580625

-0.01435606501,0.5785260898
-0.3859154826,0.9225341404

-0.014414543,0.5755370441
-0.3883696218,0.9215036825

-0.01447273498,0.5725270541
-0.3908210095,0.920466696

-0.01453062753,0.5694958942
-0.3932696284,0.9194231884

-0.01458820694,0.5664433337
-0.3957154612,0.918373167

-0.01464545924,0.5633691366
-0.3981584904,0.9173166392

-0.01470237018,0.5602730616
-0.4005986988,0.9162536126

-0.01475892521,0.5571548614
-0.4030360691,0.9151840946

-0.01481510945,0.5540142834
-0.4054705841,0.9141080929

-0.01487090772,0.5508510685
-0.4079022264,0.913025615

-0.01492630448,0.5476649518
-0.4103309789,0.9119366687

-0.01498128386,0.5444556615
-0.4127568243,0.9108412617

-0.01503582958,0.5412229194
-0.4151797455,0.9097394016

-0.01508992499,0.5379664403
-0.4175997253,0.9086310964

-0.01514355303,0.5346859318
-0.4200167466,0.9075163539

-0.01519669621,0.5313810939
-0.4224307922,0.9063951819

-0.01524933659,0.528051619
-0.424841845,0.9052675885

-0.01530145576,0.5246971914
-0.427249888,0.9041335815

-0.01535303483,0.5213174871
-0.429654904,0.9029931691

-0.01540405437,0.5179121734
-0.4320568761,0.9018463593

-0.01545449443,0.5144809085
-0.4344557873,0.9006931602

-0.01550433449,0.5110233413
-0.4368516204,0.8995335801

-0.01555355342,0.5075391109
-0.4392443587,0.8983676271

-0.01560212949,0.5040278463
-0.441633985,0.8971953094

-0.01565004029,0.5004891658
-0.4440204825,0.8960166355

-0.01569726274,0.4969226767
-0.4464038343,0.8948316136

-0.01574377304,0.493327975
-0.4487840235,0.8936402521

-0.0157895466,0.4897046444
-0.4511610332,0.8924425595

-0.01583455806,0.4860522562
-0.4535348466,0.8912385443

-0.0158787812,0.4823703689
-0.4559054469,0.890028215

-0.01592218894,0.4786585268
-0.4582728173,0.8888115801

-0.01596475323,0.4749162604
-0.4606369409,0.8875886484

-0.01600644506,0.4711430852
-0.4629978011,0.8863594283

-0.01604723438,0.4673385007
-0.4653553811,0.8851239288

-0.01608709002,0.4635019906
-0.4677096642,0.8838821584

-0.0161259797,0.4596330209
-0.4700606338,0.8826341261

-0.01616386986,0.45573104
-0.4724082732,0.8813798406

-0.0162007257,0.4517954772
-0.4747525657,0.8801193108

-0.016236511,0.447825742
-0.4770934948,0.8788525458

-0.01627118814,0.4438212232
-0.4794310439,0.8775795543

-0.01630471792,0.4397812874
-0.4817651963,0.8763003456

-0.01633705953,0.4357052784
-0.4840959356,0.8750149285

-0.01636817042,0.4315925155
-0.4864232453,0.8737233123

-0.01639800621,0.4274422924
-0.4887471088,0.8724255061

-0.01642652055,0.4232538758
-0.4910675097,0.871121519

-0.01645366501,0.4190265035
-0.4933844316,0.8698113604

-0.01647938893,0.4147593836
-0.495697858,0.8684950394

-0.01650363928,0.4104516917
-0.4980077726,0.8671725655

-0.01652636051,0.4061025699
-0.500314159,0.865843948

-0.01654749435,0.4017111239
-0.5026170009,0.8645091963

-0.01656697963,0.3972764218
-0.5049162819,0.8631683198

-0.01658475206,0.3927974907
-0.5072119857,0.8618213281

-0.01660074404,0.3882733146
-0.5095040961,0.8604682307

-0.01661488436,0.3837028318
-0.5117925969,0.8591090372

-0.01662709796,0.3790849312
-0.5140774717,0.8577437572

-0.01663730562,0.3744184495
-0.5163587046,0.8563724004

-0.01664542364,0.3697021674
-0.5186362792,0.8549949765

-0.01665136346,0.3649348056
-0.5209101795,0.8536114953

-0.01665503127,0.3601150202
-0.5231803893,0.8522219666

-0.01665632756,0.3552413985
-0.5254468925,0.8508264001

-0.01665514665,0.3503124533
-0.5277096732,0.8494248059

-0.0166513761,0.3453266171
-0.5299687152,0.8480171938

-0.01664489615,0.3402822359
-0.5322240026,0.8466035737

-0.01663557898,0.3351775621
-0.5344755193,0.8451839559

-0.01662328801,0.3300107467
-0.5367232495,0.8437583501

-0.016607877,0.3247798304
-0.5389671772,0.8423267667

-0.01658918911,0.3194827341
-0.5412072865,0.8408892156

-0.01656705576,0.3141172477
-0.5434435616,0.8394457072

-0.01654129545,0.3086810183
-0.5456759865,0.8379962516

-0.01651171234,0.3031715363
-0.5479045456,0.8365408591

-0.01647809461,0.2975861197
-0.5501292229,0.83507954

-0.01644021262,0.291921897
-0.5523500028,0.8336123046

-0.01639781682,0.2861757866
-0.5545668694,0.8321391635

-0.01635063527,0.2803444747
-0.5567798071,0.8306601269

-0.0162983708,0.2744243886
-0.5589888003,0.8291752053

-0.01624069766,0.2684116666
-0.5611938332,0.8276844094

-0.01617725764,0.2623021236
-0.5633948903,0.8261877496

-0.01610765547,0.25609121
-0.5655919559,0.8246852366

-0.01603145331,0.2497739643
-0.5677850145,0.8231768809

-0.01594816427,0.2433449577
-0.5699740505,0.8216626934

-0.01585724451,0.2367982272
-0.5721590485,0.8201426847

-0.01575808372,0.2301271971
-0.5743399929,0.8186168655

-0.0156499935,0.2233245838
-0.5765168684,0.8170852468

-0.01553219295,0.216382281
-0.5786896594,0.8155478392

-0.01540379082,0.2092912187
-0.5808583506,0.8140046539

-0.01526376292,0.2020411898
-0.5830229267,0.8124557016

-0.01511092349,0.1946206325
-0.5851833722,0.8109009933

-0.01494388809,0.1870163562
-0.5873396719,0.8093405401

-0.01476102505,0.17921319
-0.5894918105,0.807774353

-0.01456039076,0.1711935249
-0.5916397728,0.8062024431

-0.01433964184,0.1629367079
-0.5937835436,0.8046248215

-0.0140959133,0.1544182243
-0.5959231075,0.8030414995

-0.01382564533,0.1456085675
-0.5980584496,0.8014524882

-0.01352432965,0.1364716354
-0.6001895547,0.7998577989

-0.01318612557,0.1269623831
-0.6023164076,0.7982574429

-0.01280325383,0.1170232538
-0.6044389933,0.7966514315

-0.01236499058,0.1065784945
-0.6065572968,0.7950397762

-0.01185588795,0.095524563
-0.6086713031,0.7934224882

-0.01125235576,0.08371266357
-0.6107809971,0.7917995792

-0.01051531276,0.07091352533
-0.612886364,0.7901710605

-0.009571569577,0.05673496094
-0.6149873888,0.7885369437

-0.008252065871,0.04037609736
-0.6170840566,0.7868972405

-0.00592333918,0.01940710982
-0.6191763526,0.7852519624

