0.01659235172,0
1,0

0.03705312333,0.009247495312
0.9999964577,0.002661696857

0.05196045354,0.01733046517
0.9999858307,0.005323374857

0.06453283056,0.02465626433
0.9999681193,0.007985015143

0.07569747607,0.03144982543
0.9999433234,0.01064659886

0.08588363706,0.03783897259
0.9999114432,0.01330810715

0.09533375055,0.04390479526
0.9998724791,0.01596952115

0.1042013872,0.04970285866
0.9998264312,0.01863082202

0.112591464,0.05527339801
0.9997732999,0.02129199089

0.1205796234,0.06064677326
0.9997130855,0.02395300892

0.1282226498,0.06584663486
0.9996457886,0.02661385724

0.1355645337,0.07089188033
0.9995714095,0.02927451702

0.1426402248,0.07579792515
0.9994899488,0.0319349694

0.1494780706,0.08057756245
0.9994014071,0.03459519553

0.1561014637,0.08524156432
0.9993057849,0.03725517657

0.1625299932,0.08979911433
0.9992030831,0.03991489367

0.1687802703,0.09425812637
0.9990933022,0.04257432798

0.1748665356,0.09862548443
0.9989764432,0.04523346067

0.1808011149,0.1029072264
0.9988525067,0.0478922729

0.1865947671,0.107108687
0.9987214938,0.05055074583

0.1922569543,0.1112346109
0.9985834052,0.05320886062

0.1977960543,0.1152892426
0.998438242,0.05586659845

0.2032195302,0.1192763999
0.9982860053,0.05852394048

0.2085340665,0.1231995332
0.9981266961,0.0611808679

0.2137456809,0.1270617747
0.9979603155,0.06383736186

0.2188598151,0.1308659795
0.9977868647,0.06649340357

0.2238814109,0.1346147595
0.9976063449,0.06914897419

0.2288149735,0.1383105126
0.9974187574,0.07180405491

0.2336646244,0.1419554472
0.9972241036,0.07445862693

0.238434147,0.1455516032
0.9970223849,0.07711267144

0.2431270246,0.1491008699
0.9968136025,0.07976616963

0.2477464737,0.1526050018
0.9965977581,0.0824191027

0.2522954721,0.156065632
0.9963748532,0.08507145187

0.2567767837,0.1594842842
0.9961448893,0.08772319833

0.2611929798,0.1628623827
0.9959078681,0.09037432331

0.2655464578,0.1662012618
0.9956637912,0.09302480802

0.2698394576,0.169502174
0.9954126604,0.09567463368

0.2740740759,0.1727662965
0.9951544774,0.09832378152

0.2782522792,0.1759947382
0.9948892442,0.1009722328

0.2823759151,0.1791885449
0.9946169625,0.1036199687

0.2864467222,0.1823487046
0.9943376343,0.1062669705

0.2904663391,0.185476152
0.9940512616,0.1089132194

0.2944363127,0.1885717725
0.9937578464,0.1115586967

0.298358105,0.1916364058
0.9934573907,0.1142033837

0.3022331002,0.1946708495
0.9931498968,0.1168472615

0.30606261,0.1976758618
0.9928353667,0.1194903116

0.3098478791,0.2006521647
0.9925138028,0.1221325151

0.3135900901,0.2036004458
0.9921852073,0.1247738533

0.3172903678,0.2065213612
0.9918495825,0.1274143076

0.3209497834,0.2094155374
0.9915069307,0.1300538591

0.3245693574,0.212283573
0.9911572546,0.1326924893

0.328150064,0.2151260406
0.9908005564,0.1353301794

0.3316928333,0.2179434885
0.9904368387,0.1379669108

0.3351985542,0.2207364421
0.9900661042,0.1406026647

0.3386680775,0.2235054052
0.9896883554,0.1432374225

0.3421022175,0.2262508612
0.989303595,0.1458711655

0.3455017548,0.2289732745
0.9889118258,0.148503875

0.3488674379,0.2316730914
0.9885130504,0.1511355325

0.3521999852,0.2343507412
0.9881072718,0.1537661192

0.3555000869,0.237006637
0.9876944928,0.1563956165

0.3587684061,0.2396411767
0.9872747164,0.1590240058

0.3620055809,0.2422547436
0.9868479454,0.1616512685

0.3652122253,0.2448477074
0.986414183,0.164277386

0.3683889305,0.2474204248
0.9859734322,0.1669023396

0.3715362665,0.2499732402
0.9855256962,0.1695261107

0.3746547828,0.252506486
0.985070978,0.1721486809

0.3777450094,0.2550204836
0.9846092809,0.1747700314

0.3808074583,0.2575155437
0.9841406083,0.1773901437

0.3838426237,0.259991967
0.9836649634,0.1800089993

0.3868509833,0.2624500444
0.9831823495,0.1826265796

0.3898329992,0.2648900575
0.9826927702,0.1852428661

0.3927891182,0.2673122792
0.9821962288,0.1878578401

0.3957197727,0.2697169739
0.9816927289,0.1904714833

0.3986253816,0.2721043981
0.9811822741,0.193083777

0.4015063506,0.2744748004
0.980664868,0.1956947028

0.404363073,0.2768284222
0.9801405142,0.1983042422

0.40719593,0.2791654978
0.9796092164,0.2009123767

0.4100052914,0.2814862546
0.9790709785,0.2035190878

0.4127915163,0.2837909138
0.9785258042,0.206124357

0.4155549531,0.2860796899
0.9779736974,0.2087281659

0.4182959403,0.288352792
0.977414662,0.211330496

0.4210148067,0.290610423
0.9768487019,0.2139313289

0.4237118719,0.2928527806
0.9762758213,0.2165306463

0.4263874467,0.2950800569
0.9756960241,0.2191284295

0.4290418335,0.2972924392
0.9751093144,0.2217246603

0.4316753262,0.2994901097
0.9745156964,0.2243193203

0.4342882114,0.3016732459
0.9739151743,0.2269123911

0.4368807676,0.3038420209
0.9733077524,0.2295038542

0.4394532666,0.3059966032
0.9726934349,0.2320936914

0.4420059727,0.3081371571
0.9720722263,0.2346818843

0.4445391439,0.3102638431
0.9714441309,0.2372684146

0.4470530316,0.3123768174
0.9708091531,0.2398532639

0.449547881,0.3144762326
0.9701672975,0.242436414

0.4520239311,0.3165622376
0.9695185686,0.2450178464

0.4544814155,0.3186349779
0.9688629711,0.247597543

0.4569205619,0.3206945953
0.9682005094,0.2501754855

0.4593415928,0.3227412284
0.9675311885,0.2527516555

0.4617447254,0.3247750128
0.9668550129,0.2553260349

0.4641301719,0.3267960808
0.9661719874,0.2578986054

0.4664981398,0.3288045617
0.965482117,0.2604693488

0.4688488317,0.330800582
0.9647854066,0.2630382469

0.4711824459,0.3327842654
0.9640818609,0.2656052814

0.4734991762,0.3347557329
0.9633714851,0.2681704342

0.4757992121,0.3367151026
0.9626542841,0.2707336871

0.4780827392,0.3386624905
0.9619302631,0.2732950219

0.4803499392,0.3405980098
0.9611994271,0.2758544206

0.4826009896,0.3425217715
0.9604617814,0.2784118649

0.4848360646,0.344433884
0.9597173311,0.2809673368

0.4870553346,0.3463344538
0.9589660816,0.2835208181

0.4892589666,0.3482235849
0.9582080382,0.2860722908

0.4914471242,0.3501013794
0.9574432062,0.2886217368

0.4936199679,0.3519679373
0.956671591,0.291169138

0.4957776547,0.3538233564
0.9558931982,0.2937144763

0.4979203389,0.3556677328
0.9551080332,0.2962577338

0.5000481716,0.3575011607
0.9543161017,0.2987988924

0.5021613012,0.3593237322
0.9535174091,0.3013379341

0.5042598732,0.3611355378
0.9527119612,0.303874841

0.5063440304,0.3629366664
0.9518997637,0.306409595

0.508413913,0.364727205
0.9510808223,0.3089421782

0.5104696585,0.366507239
0.9502551428,0.3114725727

0.5125114023,0.3682768523
0.9494227311,0.3140007605

0.5145392771,0.3700361271
0.9485835932,0.3165267237

0.5165534133,0.3717851442
0.9477377348,0.3190504444

0.5185539391,0.3735239828
0.946885162,0.3215719048

0.5205409805,0.3752527209
0.9460258809,0.3240910869

0.5225146614,0.3769714349
0.9451598976,0.326607973

0.5244751036,0.3786801998
0.9442872181,0.3291225452

0.5264224268,0.3803790896
0.9434078487,0.3316347856

0.5283567489,0.3820681766
0.9425217956,0.3341446766

0.5302781859,0.3837475321
0.941629065,0.3366522003

0.5321868518,0.3854172261
0.9407296634,0.3391573388

0.534082859,0.3870773274
0.939823597,0.3416600746

0.5359663181,0.3887279037
0.9389108723,0.3441603899

0.5378373379,0.3903690215
0.9379914957,0.3466582669

0.5396960257,0.3920007462
0.9370654738,0.3491536879

0.5415424872,0.3936231422
0.9361328132,0.3516466353

0.5433768266,0.3952362727
0.9351935203,0.3541370914

0.5451991464,0.3968402001
0.934247602,0.3566250386

0.5470095478,0.3984349856
0.9332950648,0.3591104592

0.5488081306,0.4000206895
0.9323359156,0.3615933357

0.5505949932,0.4015973713
0.9313701612,0.3640736504

0.5523702327,0.4031650892
0.9303978082,0.3665513858

0.5541339448,0.404723901
0.9294188638,0.3690265242

0.555886224,0.4062738631
0.9284333348,0.3714990483

0.5576271637,0.4078150316
0.9274412281,0.3739689404

0.559356856,0.4093474612
0.9264425509,0.3764361831

0.5610753919,0.4108712063
0.9254373101,0.3789007589

0.5627828612,0.4123863201
0.9244255129,0.3813626503

0.5644793528,0.4138928554
0.9234071666,0.3838218398

0.5661649545,0.4153908639
0.9223822782,0.3862783102

0.5678397529,0.4168803968
0.921350855,0.3887320439

0.569503834,0.4183615046
0.9203129045,0.3911830235

0.5711572825,0.4198342369
0.9192684338,0.3936312318

0.5728001825,0.4212986428
0.9182174504,0.3960766513

0.574432617,0.4227547708
0.9171599618,0.3985192648

0.5760546681,0.4242026686
0.9160959755,0.4009590549

0.5776664175,0.4256423834
0.9150254989,0.4033960044

0.5792679456,0.4270739617
0.9139485397,0.4058300959

0.5808593323,0.4284974496
0.9128651055,0.4082613123

0.5824406569,0.4299128924
0.911775204,0.4106896363

0.5840119976,0.4313203351
0.9106788429,0.4131150507

0.5855734324,0.432719822
0.90957603,0.4155375383

0.5871250383,0.434111397
0.908466773,0.417957082

0.5886668918,0.4354951034
0.9073510799,0.4203736646

0.590199069,0.4368709841
0.9062289585,0.422787269

0.5917216451,0.4382390815
0.9051004168,0.4251978781

0.593234695,0.4395994377
0.9039654628,0.4276054749

0.5947382931,0.4409520941
0.9028241045,0.4300100422

0.5962325132,0.442297092
0.90167635,0.432411563

0.5977174286,0.4436344721
0.9005222075,0.4348100204

0.5991931125,0.4449642749
0.8993616851,0.4372053973

0.6006596373,0.4462865404
0.898194791,0.4395976768

0.6021170754,0.4476013084
0.8970215336,0.4419868418

0.6035654985,0.4489086182
0.895841921,0.4443728755

0.6050049781,0.4502085091
0.8946559618,0.4467557611

0.6064355857,0.4515010199
0.8934636642,0.4491354815

0.6078573921,0.4527861891
0.8922650368,0.4515120199

0.6092704681,0.4540640552
0.891060088,0.4538853596

0.6106748842,0.4553346564
0.8898488263,0.4562554836

0.6120707109,0.4565980305
0.8886312604,0.4586223752

0.6134580182,0.4578542155
0.8874073988,0.4609860177

0.6148368763,0.459103249
0.8861772503,0.4633463942

0.6162073551,0.4603451684
0.8849408236,0.4657034881

0.6175695244,0.4615800113
0.8836981273,0.4680572826

0.6189234542,0.462807815
0.8824491704,0.4704077611

0.6202692141,0.4640286168
0.8811939616,0.472754907

0.6216068741,0.465242454
0.8799325099,0.4750987035

0.6229365039,0.4664493639
0.8786648241,0.4774391342

0.6242581733,0.4676493839
0.8773909134,0.4797761823

0.6255719525,0.4688425512
0.8761107866,0.4821098314

0.6268779114,0.4700289033
0.8748244529,0.484440065

0.6281761202,0.471208478
0.8735319214,0.4867668664

0.6294666493,0.4723813128
0.8722332013,0.4890902193

0.6307495694,0.4735474457
0.8709283016,0.4914101072

0.6320249511,0.474706915
0.8696172318,0.4937265135

0.6332928655,0.475859759
0.868300001,0.4960394221

0.6345533839,0.4770060165
0.8669766186,0.4983488163

0.635806578,0.4781457264
0.8656470941,0.5006546799

0.6370525196,0.4792789283
0.8643114367,0.5029569966

0.638291281,0.4804056621
0.8629696559,0.50525575

0.639522935,0.4815259681
0.8616217614,0.5075509239

0.6407475544,0.4826398871
0.8602677625,0.5098425019

0.641965213,0.4837474606
0.858907669,0.5121304679

0.6431759845,0.4848487308
0.8575414904,0.5144148056

0.6443799435,0.4859437403
0.8561692365,0.5166954988

0.6455771647,0.4870325326
0.8547909169,0.5189725315

0.6467677238,0.4881151521
0.8534065414,0.5212458874

0.6479516965,0.4891916438
0.8520161198,0.5235155505

0.6491291596,0.4902620541
0.850619662,0.5257815047

0.6503001899,0.4913264298
0.8492171778,0.5280437339

0.6514648653,0.4923848192
0.8478086773,0.5303022221

0.652623264,0.4934372717
0.8463941703,0.5325569533

0.6537754649,0.4944838378
0.8449736669,0.5348079115

0.6549215474,0.4955245693
0.8435471772,0.5370550808

0.6560615917,0.4965595196
0.8421147113,0.5392984452

0.6571956785,0.4975887435
0.8406762793,0.5415379889

0.658323889,0.4986122972
0.8392318914,0.543773696

0.6594463052,0.4996302389
0.8377815578,0.5460055507

0.6605630095,0.5006426284
0.8363252889,0.5482335371

0.661674085,0.5016495274
0.8348630948,0.5504576395

0.6627796152,0.5026509996
0.8333949861,0.5526778421

0.6638796842,0.5036471108
0.8319209731,0.5548941291

0.6649743765,0.5046379291
0.8304410662,0.557106485

0.6660637769,0.5056235248
0.8289552759,0.5593148939

0.6671479706,0.5066039709
0.8274636128,0.5615193403

0.6682270431,0.5075793426
0.8259660874,0.5637198085

0.66930108,0.508549718
0.8244627103,0.5659162829

0.6703701671,0.5095151782
0.8229534922,0.5681087481

0.67143439,0.510475807
0.8214384438,0.5702971884

0.6724938343,0.5114316912
0.8199175757,0.5724815883

0.6735485851,0.512382921
0.8183908989,0.5746619325

0.6745987273,0.5133295897
0.816858424,0.5768382053

0.675644345,0.5142717941
0.815320162,0.5790103915

0.6766855216,0.5152096346
0.8137761238,0.5811784755

0.6777223394,0.5161432149
0.8122263202,0.5833424422

0.6787548795,0.5170726427
0.8106707623,0.585502276

0.6797832216,0.5179980292
0.809109461,0.5876579618

0.6808074435,0.5189194896
0.8075424276,0.5898094842

0.6818276211,0.5198371428
0.8059696729,0.5919568281

0.6828438278,0.5207511118
0.8043912083,0.5940999781

0.6838561345,0.5216615232
0.8028070448,0.5962389192

0.6848646091,0.5225685076
0.8012171938,0.5983736361

0.6858693159,0.5234721993
0.7996216664,0.6005041138

0.6868703158,0.5243727363
0.798020474,0.602630337

0.6878676653,0.5252702604
0.7964136278,0.6047522909

0.6888614163,0.5261649164
0.7948011394,0.6068699604

0.6898516161,0.5270568527
0.7931830201,0.6089833303

0.6908383063,0.5279462204
0.7915592814,0.6110923859

0.6918215228,0.5288331734
0.7899299347,0.613197112

0.6928012954,0.5297178679
0.7882949917,0.6152974939

0.6937776471,0.5306004619
0.7866544639,0.6173935166

0.6947505942,0.5314811152
0.785008363,0.6194851653

0.6957201454,0.5323599882
0.7833567005,0.6215724252

0.6966863017,0.5332372422
0.7816994882,0.6236552815

0.6976490563,0.5341130381
0.7800367379,0.6257337194

0.6986083939,0.5349875361
0.7783684613,0.6278077241

0.6995642911,0.5358608951
0.7766946702,0.6298772811

0.7005167155,0.5367332718
0.7750153765,0.6319423757

0.7014656262,0.53760482
0.7733305921,0.6340029931

0.7024109736,0.5384756902
0.771640329,0.6360591189

0.7033526994,0.5393460281
0.769944599,0.6381107384

0.7042907367,0.5402159748
0.7682434143,0.6401578371

0.7052250104,0.5410856652
0.7665367868,0.6422004005

0.7061554374,0.5419552278
0.7648247287,0.6442384142

0.7070819266,0.5428247837
0.7631072521,0.6462718637

0.70800438,0.5436944463
0.7613843691,0.6483007346

0.7089226928,0.5445643203
0.759656092,0.6503250125

0.709836754,0.5454345013
0.757922433,0.652344683

0.7107464472,0.5463050756
0.7561834044,0.654359732

0.711651651,0.5471761194
0.7544390186,0.656370145

0.7125522402,0.5480476986
0.7526892877,0.6583759079

0.713448086,0.5489198688
0.7509342244,0.6603770064

0.7143390572,0.5497926751
0.7491738409,0.6623734264

0.7152250208,0.5506661517
0.7474081499,0.6643651538

0.7161058428,0.5515403225
0.7456371637,0.6663521743

0.7169813892,0.5524152008
0.7438608949,0.6683344739

0.7178515262,0.5532907898
0.7420793561,0.6703120387

0.7187161215,0.5541670826
0.74029256,0.6722848545

0.7195750447,0.5550440631
0.7385005191,0.6742529075

0.720428168,0.5559217056
0.7367032463,0.6762161836

0.7212753665,0.5567999763
0.7349007542,0.6781746689

0.7221165193,0.5576788328
0.7330930555,0.6801283496

0.7229515093,0.5585582254
0.7312801632,0.6820772119

0.723780224,0.5594380974
0.72946209,0.6840212418

0.7246025559,0.5603183857
0.7276388488,0.6859604258

0.7254184023,0.5611990213
0.7258104526,0.6878947499

0.726227666,0.5620799301
0.7239769142,0.6898242006

0.7270302552,0.5629610336
0.7221382468,0.6917487641

0.7278260838,0.5638422492
0.7202944632,0.6936684268

0.7286150711,0.5647234909
0.7184455766,0.6955831751

0.7293971422,0.5656046697
0.7165916001,0.6974929954

0.7301722278,0.5664856945
0.7147325468,0.6993978743

0.730940264,0.5673664722
0.7128684298,0.7012977982

0.7317011924,0.5682469085
0.7109992625,0.7031927536

0.7324549599,0.5691269079
0.709125058,0.7050827272

0.7332015186,0.5700063747
0.7072458295,0.7069677055

0.7339408254,0.5708852126
0.7053615905,0.7088476752

0.7346728421,0.5717633258
0.7034723543,0.7107226229

0.7353975351,0.5726406187
0.7015781342,0.7125925355

0.7361148753,0.5735169966
0.6996789437,0.7144573996

0.7368248375,0.5743923657
0.6977747961,0.716317202

0.7375274006,0.5752666333
0.6958657052,0.7181719295

0.7382225472,0.5761397081
0.6939516842,0.7200215691

0.7389102637,0.5770115004
0.6920327469,0.7218661076

0.7395905393,0.5778819221
0.6901089067,0.7237055319

0.7402633667,0.5787508866
0.6881801774,0.725539829

0.7409287415,0.5796183096
0.6862465725,0.7273689859

0.7415866618,0.5804841084
0.6843081059,0.7291929897

0.7422371283,0.5813482024
0.6823647912,0.7310118274

0.7428801441,0.5822105131
0.6804166421,0.7328254861

0.7435157144,0.5830709638
0.6784636726,0.7346339531

0.7441438465,0.5839294802
0.6765058964,0.7364372154

0.7447645494,0.58478599
0.6745433273,0.7382352603

0.7453778338,0.5856404228
0.6725759794,0.7400280751

0.745983712,0.5864927106
0.6706038665,0.741815647

0.7465821978,0.5873427871
0.6686270027,0.7435979635

0.747173306,0.5881905883
0.6666454018,0.7453750118

0.7477570529,0.5890360521
0.664659078,0.7471467794

0.7483334556,0.5898791185
0.6626680453,0.7489132538

0.7489025324,0.5907197292
0.6606723179,0.7506744223

0.7494643021,0.5915578281
0.6586719098,0.7524302726

0.7500187846,0.5923933607
0.6566668353,0.7541807922

0.7505660004,0.5932262745
0.6546571086,0.7559259687

0.7511059703,0.5940565187
0.6526427438,0.7576657898

0.7516387162,0.5948840442
0.6506237552,0.759400243

0.7521642598,0.5957088036
0.6486001573,0.7611293162

0.7526826238,0.5965307511
0.6465719642,0.762852997

0.7531938308,0.5973498426
0.6445391904,0.7645712733

0.7536979039,0.5981660353
0.6425018503,0.7662841329

0.7541948665,0.5989792881
0.6404599583,0.7679915636

0.7546847419,0.5997895612
0.6384135289,0.7696935534

0.7551675538,0.6005968163
0.6363625765,0.7713900902

0.7556433259,0.6014010164
0.6343071157,0.773081162

0.7561120821,0.6022021257
0.6322471611,0.7747667567

0.7565738462,0.6030001098
0.6301827272,0.7764468625

0.7570286421,0.6037949354
0.6281138287,0.7781214675

0.7574764937,0.6045865704
0.6260404803,0.7797905597

0.7579174247,0.6053749839
0.6239626966,0.7814541274

0.7583514589,0.606160146
0.6218804923,0.7831121588

0.7587786201,0.6069420278
0.6197938822,0.7847646421

0.7591989318,0.6077206015
0.6177028811,0.7864115657

0.7596124174,0.6084958403
0.6156075038,0.7880529178

0.7600191003,0.6092677181
0.6135077652,0.7896886868

0.7604190038,0.6100362101
0.6114036801,0.7913188612

0.7608121507,0.6108012919
0.6092952633,0.7929434293

0.7611985641,0.6115629404
0.60718253,0.7945623797

0.7615782665,0.6123211328
0.605065495,0.796175701

0.7619512806,0.6130758476
0.6029441733,0.7977833816

0.7623176285,0.6138270636
0.6008185799,0.7993854102

0.7626773325,0.6145747606
0.59868873,0.8009817754

0.7630304143,0.615318919
0.5965546386,0.802572466

0.7633768958,0.6160595197
0.5944163208,0.8041574706

0.7637167984,0.6167965445
0.5922737917,0.8057367781

0.7640501433,0.6175299756
0.5901270667,0.8073103772

0.7643769515,0.6182597959
0.5879761608,0.8088782568

0.764697244,0.6189859888
0.5858210892,0.8104404058

0.7650110412,0.6197085384
0.5836618674,0.8119968131

0.7653183634,0.6204274291
0.5814985105,0.8135474677

0.7656192309,0.6211426459
0.5793310339,0.8150923587

0.7659136634,0.6218541743
0.577159453,0.8166314749

0.7662016807,0.6225620003
0.5749837831,0.8181648057

0.7664833021,0.6232661102
0.5728040396,0.81969234

0.7667585468,0.6239664908
0.570620238,0.8212140671

0.7670274338,0.6246631294
0.5684323938,0.8227299762

0.7672899818,0.6253560136
0.5662405224,0.8242400565

0.7675462092,0.6260451314
0.5640446395,0.8257442974

0.7677961343,0.6267304712
0.5618447604,0.8272426882

0.7680397751,0.6274120217
0.5596409009,0.8287352183

0.7682771495,0.6280897719
0.5574330766,0.8302218771

0.7685082748,0.6287637112
0.555221303,0.831702654

0.7687331686,0.6294338294
0.5530055959,0.8331775387

0.7689518479,0.6301001163
0.5507859709,0.8346465205

0.7691643296,0.6307625624
0.5485624439,0.8361095892

0.7693706303,0.631421158
0.5463350304,0.8375667344

0.7695707665,0.6320758941
0.5441037464,0.8390179457

0.7697647544,0.6327267617
0.5418686075,0.8404632129

0.76995261,0.6333737522
0.5396296298,0.8419025256

0.7701343492,0.634016857
0.5373868289,0.8433358738

0.7703099874,0.634656068
0.5351402209,0.8447632473

0.7704795401,0.6352913772
0.5328898216,0.8461846359

0.7706430225,0.6359227767
0.5306356469,0.8476000296

0.7708004494,0.6365502589
0.5283777129,0.8490094184

0.7709518357,0.6371738165
0.5261160355,0.8504127922

0.7710971959,0.6377934421
0.5238506308,0.8518101412

0.7712365443,0.6384091289
0.5215815148,0.8532014554

0.7713698952,0.6390208698
0.5193087035,0.8545867249

0.7714972624,0.6396286582
0.5170322132,0.8559659401

0.7716186598,0.6402324874
0.5147520598,0.857339091

0.7717341009,0.6408323511
0.5124682596,0.8587061679

0.7718435991,0.6414282431
0.5101808288,0.8600671613

0.7719471676,0.6420201571
0.5078897835,0.8614220614

0.7720448195,0.6426080871
0.50559514,0.8627708586

0.7721365675,0.6431920274
0.5032969145,0.8641135434

0.7722224244,0.643771972
0.5009951234,0.8654501062

0.7723024026,0.6443479154
0.4986897829,0.8667805376

0.7723765144,0.6449198521
0.4963809093,0.8681048283

0.7724447719,0.6454877766
0.4940685191,0.8694229687

0.7725071871,0.6460516835
0.4917526286,0.8707349495

0.7725637719,0.6466115677
0.4894332542,0.8720407615

0.7726145377,0.6471674239
0.4871104123,0.8733403954

0.7726594961,0.6477192473
0.4847841194,0.874633842

0.7726986583,0.6482670326
0.482454392,0.8759210921

0.7727320355,0.6488107752
0.4801212465,0.8772021367

0.7727596387,0.64935047
0.4777846996,0.8784769666

0.7727814786,0.6498861125
0.4754447678,0.8797455728

0.7727975659,0.6504176979
0.4731014676,0.8810079463

0.7728079112,0.6509452217
0.4707548156,0.8822640781

0.7728125246,0.6514686792
0.4684048285,0.8835139595

0.7728114165,0.6519880659
0.466051523,0.8847575815

0.7728045969,0.6525033775
0.4636949156,0.8859949352

0.7727920756,0.6530146095
0.4613350231,0.8872260121

0.7727738625,0.6535217576
0.4589718622,0.8884508032

0.7727499671,0.6540248175
0.4566054497,0.8896693

0.7727203988,0.654523785
0.4542358022,0.8908814938

0.7726851671,0.6550186559
0.4518629367,0.892087376

0.772644281,0.6555094259
0.4494868699,0.8932869381

0.7725977496,0.655996091
0.4471076187,0.8944801716

0.7725455819,0.6564786471
0.4447251998,0.895667068

0.7724877865,0.6569570901
0.4423396302,0.8968476189

0.7724243721,0.6574314159
0.4399509268,0.898021816

0.7723553472,0.6579016206
0.4375591065,0.8991896509

0.7722807201,0.6583677001
0.4351641863,0.9003511154

0.7722004992,0.6588296506
0.4327661831,0.9015062012

0.7721146925,0.659287468
0.4303651138,0.9026549002

0.772023308,0.6597411484
0.4279609956,0.9037972041

0.7719263535,0.660190688
0.4255538455,0.904933105

0.7718238367,0.6606360829
0.4231436804,0.9060625948

0.7717157653,0.6610773291
0.4207305176,0.9071856654

0.7716021468,0.6615144228
0.418314374,0.908302309

0.7714829885,0.6619473602
0.4158952668,0.9094125176

0.7713582976,0.6623761373
0.4134732131,0.9105162832

0.7712280813,0.6628007505
0.4110482301,0.9116135983

0.7710923465,0.6632211957
0.408620335,0.9127044548

0.7709511002,0.6636374693
0.4061895449,0.9137888452

0.7708043491,0.6640495673
0.4037558772,0.9148667617

0.7706520999,0.6644574859
0.401319349,0.9159381967

0.770494359,0.6648612214
0.3988799776,0.9170031426

0.770331133,0.6652607698
0.3964377802,0.9180615918

0.7701624281,0.6656561274
0.3939927742,0.919113537

0.7699882506,0.6660472903
0.391544977,0.9201589705

0.7698086065,0.6664342547
0.3890944058,0.921197885

0.7696235018,0.6668170166
0.386641078,0.9222302732

0.7694329425,0.6671955724
0.3841850109,0.9232561277

0.7692369341,0.667569918
0.3817262221,0.9242754413

0.7690354825,0.6679400496
0.3792647288,0.9252882067

0.7688285932,0.6683059633
0.3768005487,0.9262944168

0.7686162716,0.6686676552
0.374333699,0.9272940644

0.7683985231,0.6690251214
0.3718641973,0.9282871424

0.7681753528,0.669378358
0.369392061,0.9292736439

0.7679467661,0.669727361
0.3669173078,0.9302535618

0.7677127678,0.6700721264
0.3644399551,0.9312268892

0.7674733629,0.6704126503
0.3619600204,0.9321936192

0.7672285564,0.6707489287
0.3594775214,0.9331537449

0.7669783528,0.6710809575
0.3569924756,0.9341072595

0.7667227568,0.6714087327
0.3545049007,0.9350541564

0.7664617731,0.6717322502
0.3520148142,0.9359944287

0.766195406,0.672051506
0.3495222338,0.9369280698

0.7659236598,0.6723664959
0.3470271772,0.9378550732

0.7656465389,0.6726772159
0.344529662,0.9387754321

0.7653640473,0.6729836616
0.342029706,0.9396891402

0.7650761892,0.6732858291
0.3395273268,0.9405961909

0.7647829685,0.673583714
0.3370225421,0.9414965778

0.7644843891,0.6738773121
0.3345153698,0.9423902946

0.7641804547,0.6741666192
0.3320058276,0.9432773349

0.763871169,0.6744516309
0.3294939332,0.9441576923

0.7635565357,0.674732343
0.3269797044,0.9450313608

0.7632365582,0.675008751
0.3244631592,0.945898334

0.7629112399,0.6752808507
0.3219443152,0.9467586059

0.7625805842,0.6755486375
0.3194231904,0.9476121704

0.7622445943,0.6758121071
0.3168998025,0.9484590213

0.7619032733,0.6760712549
0.3143741696,0.9492991528

0.7615566242,0.6763260764
0.3118463094,0.9501325588

0.7612046501,0.6765765671
0.3093162399,0.9509592335

0.7608473539,0.6768227224
0.306783979,0.9517791709

0.7604847382,0.6770645377
0.3042495446,0.9525923654

0.7601168058,0.6773020083
0.3017129548,0.9533988111

0.7597435593,0.6775351295
0.2991742274,0.9541985022

0.7593650012,0.6777638966
0.2966333805,0.9549914333

0.7589811339,0.6779883048
0.294090432,0.9557775985

0.7585919599,0.6782083493
0.2915454,0.9565569924

0.7581974814,0.6784240252
0.2889983025,0.9573296095

0.7577977005,0.6786353277
0.2864491576,0.9580954442

0.7573926193,0.6788422519
0.2838979832,0.9588544911

0.7569822399,0.6790447926
0.2813447976,0.9596067449

0.7565665642,0.6792429451
0.2787896187,0.9603522002

0.7561455941,0.679436704
0.2762324647,0.9610908518

0.7557193311,0.6796260645
0.2736733537,0.9618226944

0.7552877772,0.6798110213
0.2711123039,0.9625477228

0.7548509338,0.6799915692
0.2685493332,0.9632659319

0.7544088024,0.6801677031
0.26598446,0.9639773166

0.7539613845,0.6803394175
0.2634177024,0.9646818719

0.7535086815,0.6805067073
0.2608490786,0.9653795928

0.7530506945,0.6806695669
0.2582786068,0.9660704743

0.7525874248,0.6808279911
0.2557063051,0.9667545115

0.7521188734,0.6809819743
0.2531321919,0.9674316996

0.7516450414,0.681131511
0.2505562853,0.9681020338

0.7511659297,0.6812765956
0.2479786036,0.9687655094

0.7506815391,0.6814172226
0.2453991651,0.9694221216

0.7501918705,0.6815533862
0.242817988,0.9700718657

0.7496969244,0.6816850807
0.2402350906,0.9707147373

0.7491967016,0.6818123005
0.2376504913,0.9713507317

0.7486912025,0.6819350395
0.2350642082,0.9719798444

0.7481804277,0.6820532921
0.2324762599,0.972602071

0.7476643774,0.6821670522
0.2298866645,0.9732174071

0.7471430519,0.6822763138
0.2272954404,0.9738258483

0.7466164515,0.682381071
0.2247026061,0.9744273902

0.7460845763,0.6824813176
0.2221081798,0.9750220287

0.7455474263,0.6825770476
0.2195121799,0.9756097595

0.7450050015,0.6826682546
0.2169146249,0.9761905785

0.7444573018,0.6827549324
0.2143155332,0.9767644815

0.743904327,0.6828370748
0.211714923,0.9773314644

0.7433460768,0.6829146753
0.209112813,0.9778915234

0.7427825509,0.6829877276
0.2065092214,0.9784446543

0.7422137488,0.6830562251
0.2039041669,0.9789908532

0.74163967,0.6831201612
0.2012976677,0.9795301164

0.741060314,0.6831795295
0.1986897424,0.98006244

0.7404756801,0.6832343231
0.1960804095,0.9805878202

0.7398857674,0.6832845355
0.1934696874,0.9811062532

0.7392905753,0.6833301597
0.1908575946,0.9816177355

0.7386901027,0.683371189
0.1882441497,0.9821222633

0.7380843488,0.6834076163
0.1856293711,0.9826198332

0.7374733124,0.6834394349
0.1830132774,0.9831104415

0.7368569923,0.6834666375
0.1803958872,0.9835940849

0.7362353874,0.6834892171
0.1777772189,0.9840707599

0.7356084964,0.6835071665
0.1751572911,0.9845404631

0.7349763179,0.6835204785
0.1725361224,0.9850031911

0.7343388503,0.6835291458
0.1699137313,0.9854589408

0.7336960923,0.6835331609
0.1672901364,0.9859077088

0.733048042,0.6835325166
0.1646653564,0.986349492

0.7323946979,0.6835272051
0.1620394097,0.9867842873

0.7317360582,0.6835172191
0.1594123151,0.9872120916

0.7310721209,0.6835025508
0.1567840911,0.9876329018

0.7304028842,0.6834831925
0.1541547563,0.988046715

0.7297283461,0.6834591364
0.1515243294,0.9884535283

0.7290485043,0.6834303747
0.148892829,0.9888533387

0.7283633568,0.6833968994
0.1462602738,0.9892461434

0.7276729012,0.6833587025
0.1436266823,0.9896319397

0.7269771353,0.683315776
0.1409920733,0.9900107248

0.7262760565,0.6832681117
0.1383564655,0.990382496

0.7255696625,0.6832157014
0.1357198774,0.9907472508

0.7248579506,0.6831585368
0.1330823278,0.9911049864

0.724140918,0.6830966094
0.1304438353,0.9914557004

0.7234185622,0.6830299109
0.1278044187,0.9917993903

0.7226908802,0.6829584327
0.1251640967,0.9921360536

0.7219578691,0.6828821663
0.1225228879,0.992465688

0.721219526,0.6828011028
0.1198808111,0.9927882912

0.7204758477,0.6827152336
0.1172378849,0.9931038608

0.7197268311,0.6826245498
0.1145941282,0.9934123946

0.7189724729,0.6825290424
0.1119495596,0.9937138905

0.7182127699,0.6824287025
0.1093041979,0.9940083462

0.7174477185,0.682323521
0.1066580619,0.9942957597

0.7166773153,0.6822134886
0.1040111701,0.9945761291

0.7159015568,0.6820985962
0.1013635415,0.9948494522

0.7151204392,0.6819788344
0.09871519482,0.9951157271

0.7143339588,0.6818541937
0.09606614874,0.995374952

0.7135421117,0.6817246646
0.09341642206,0.995627125

0.7127448942,0.6815902376
0.09076603356,0.9958722444

0.711942302,0.6814509028
0.08811500202,0.9961103084

0.7111343313,0.6813066507
0.08546334621,0.9963413152

0.7103209777,0.6811574712
0.08281108492,0.9965652634

0.709502237,0.6810033544
0.08015823695,0.9967821512

0.7086781049,0.6808442902
0.07750482108,0.9969919773

0.7078485769,0.6806802686
0.07485085612,0.9971947399

0.7070136486,0.6805112792
0.07219636087,0.9973904378

0.7061733152,0.6803373118
0.06954135414,0.9975790696

0.7053275721,0.6801583559
0.06688585472,0.9977606338

0.7044764146,0.6799744009
0.06422988145,0.9979351293

0.7036198377,0.6797854364
0.06157345313,0.9981025548

0.7027578364,0.6795914514
0.05891658858,0.9982629091

0.7018904058,0.6793924353
0.05625930663,0.998416191

0.7010175406,0.6791883771
0.05360162611,0.9985623995

0.7001392357,0.6789792658
0.05094356583,0.9987015335

0.6992554856,0.6787650902
0.04828514464,0.9988335921

0.6983662851,0.6785458393
0.04562638137,0.9989585744

0.6974716285,0.6783215015
0.04296729485,0.9990764793

0.6965715102,0.6780920655
0.04030790392,0.9991873062

0.6956659247,0.6778575198
0.03764822742,0.9992910542

0.694754866,0.6776178527
0.0349882842,0.9993877225

0.6938383283,0.6773730525
0.0323280931,0.9994773106

0.6929163057,0.6771231073
0.02966767297,0.9995598177

0.691988792,0.6768680052
0.02700704265,0.9996352433

0.691055781,0.676607734
0.024346221,0.9997035868

0.6901172666,0.6763422816
0.02168522686,0.9997648478

0.6891732423,0.6760716358
0.01902407909,0.9998190258

0.6882237017,0.6757957839
0.01636279654,0.9998661205

0.6872686382,0.6755147136
0.01370139807,0.9999061314

0.6863080452,0.6752284122
0.01103990253,0.9999390584

0.685341916,0.674936867
0.00837832877,0.9999649012

0.6843702435,0.6746400649
0.005716695657,0.9999836596

0.6833930211,0.6743379931
0.003055022043,0.9999953334

0.6824102414,0.6740306385
0.0003933267848,0.9999999226

0.6814218975,0.6737179877
-0.00226837126,0.9999974272

0.680427982,0.6734000273
-0.004930053234,0.9999878472

0.6794284876,0.673076744
-0.00759170028,0.9999711826

0.6784234068,0.6727481241
-0.01025329354,0.9999474336

0.6774127321,0.6724141538
-0.01291481416,0.9999166003

0.6763964557,0.6720748192
-0.01557624329,0.999878683

0.6753745699,0.6717301064
-0.01823756206,0.9998336818

0.6743470668,0.6713800011
-0.02089875162,0.9997815972

0.6733139385,0.6710244892
-0.02355979313,0.9997224296

0.6722751767,0.6706635562
-0.02622066772,0.9996561792

0.6712307734,0.6702971876
-0.02888135655,0.9995828466

0.6701807201,0.6699253687
-0.03154184076,0.9995024324

0.6691250085,0.6695480846
-0.03420210152,0.999414937

0.66806363,0.6691653205
-0.03686211996,0.9993203611

0.6669965759,0.6687770612
-0.03952187724,0.9992187054

0.6659238375,0.6683832914
-0.04218135453,0.9991099706

0.664845406,0.6679839958
-0.04484053298,0.9989941574

0.6637612722,0.6675791588
-0.04749939375,0.9988712668

0.6626714272,0.6671687648
-0.050157918,0.9987412995

0.6615758617,0.6667527979
-0.05281608691,0.9986042564

0.6604745662,0.6663312421
-0.05547388163,0.9984601386

0.6593675315,0.6659040813
-0.05813128333,0.9983089471

0.6582547478,0.6654712992
-0.0607882732,0.9981506829

0.6571362056,0.6650328794
-0.0634448324,0.9979853472

0.6560118949,0.6645888051
-0.06610094212,0.9978129411

0.6548818058,0.6641390598
-0.06875658354,0.9976334659

0.6537459283,0.6636836263
-0.07141173785,0.9974469227

0.6526042521,0.6632224877
-0.07406638622,0.9972533131

0.651456767,0.6627556266
-0.07672050986,0.9970526382

0.6503034624,0.6622830257
-0.07937408997,0.9968448996

0.6491443279,0.6618046673
-0.08202710774,0.9966300987

0.6479793528,0.6613205337
-0.08467954437,0.996408237

0.6468085261,0.660830607
-0.08733138108,0.9961793161

0.645631837,0.6603348689
-0.08998259908,0.9959433377

0.6444492743,0.6598333012
-0.09263317959,0.9957003033

0.6432608268,0.6593258854
-0.09528310382,0.9954502148

0.6420664831,0.6588126029
-0.097932353,0.9951930738

0.6408662318,0.6582934349
-0.1005809084,0.9949288823

0.6396600613,0.6577683622
-0.1032287512,0.9946576421

0.6384479596,0.6572373657
-0.1058758626,0.994379355

0.637229915,0.6567004259
-0.108522224,0.9940940232

0.6360059154,0.6561575234
-0.1111678165,0.9938016485

0.6347759486,0.6556086381
-0.1138126214,0.9935022331

0.6335400022,0.6550537503
-0.11645662,0.9931957791

0.6322980637,0.6544928396
-0.1190997936,0.9928822887

0.6310501206,0.6539258856
-0.1217421234,0.992561764

0.62979616,0.6533528679
-0.1243835906,0.9922342074

0.6285361691,0.6527737654
-0.1270241767,0.9918996212

0.6272701346,0.6521885573
-0.1296638628,0.9915580077

0.6259980435,0.6515972223
-0.1323026304,0.9912093694

0.6247198823,0.6509997389
-0.1349404606,0.9908537087

0.6234356375,0.6503960855
-0.1375773348,0.9904910282

0.6221452953,0.6497862401
-0.1402132343,0.9901213304

0.6208488419,0.6491701807
-0.1428481404,0.989744618

0.6195462633,0.6485478849
-0.1454820346,0.9893608935

0.6182375454,0.6479193301
-0.148114898,0.9889701598

0.6169226737,0.6472844935
-0.1507467121,0.9885724196

0.6156016337,0.6466433521
-0.1533774582,0.9881676757

0.6142744108,0.6459958826
-0.1560071177,0.987755931

0.6129409901,0.6453420614
-0.1586356719,0.9873371884

0.6116013567,0.6446818648
-0.1612631023,0.9869114509

0.6102554952,0.6440152688
-0.1638893901,0.9864787214

0.6089033904,0.6433422491
-0.1665145169,0.9860390031

0.6075450267,0.6426627812
-0.169138464,0.9855922991

0.6061803883,0.6419768402
-0.1717612128,0.9851386125

0.6048094594,0.6412844012
-0.1743827447,0.9846779465

0.6034322239,0.6405854388
-0.1770030411,0.9842103045

0.6020486655,0.6398799274
-0.1796220836,0.9837356896

0.6006587677,0.6391678411
-0.1822398535,0.9832541054

0.5992625139,0.6384491539
-0.1848563323,0.9827655552

0.5978598873,0.6377238393
-0.1874715015,0.9822700424

0.5964508707,0.6369918706
-0.1900853425,0.9817675705

0.5950354471,0.6362532208
-0.1926978368,0.9812581432

0.5936135989,0.6355078626
-0.1953089659,0.9807417641

0.5921853085,0.6347557684
-0.1979187114,0.9802184367

0.5907505581,0.6339969104
-0.2005270546,0.9796881649

0.5893093297,0.6332312604
-0.2031339772,0.9791509523

0.5878616049,0.6324587898
-0.2057394606,0.9786068027

0.5864073654,0.6316794699
-0.2083434865,0.9780557201

0.5849465924,0.6308932715
-0.2109460363,0.9774977083

0.5834792672,0.6301001651
-0.2135470916,0.9769327713

0.5820053704,0.629300121
-0.2161466341,0.9763609131

0.580524883,0.628493109
-0.2187446452,0.9757821377

0.5790377852,0.6276790987
-0.2213411066,0.9751964492

0.5775440573,0.6268580593
-0.2239359998,0.9746038518

0.5760436792,0.6260299597
-0.2265293066,0.9740043497

0.5745366309,0.6251947682
-0.2291210085,0.9733979471

0.5730228917,0.6243524531
-0.2317110871,0.9727846484

0.5715024409,0.6235029821
-0.2342995242,0.9721644578

0.5699752577,0.6226463227
-0.2368863013,0.9715373798

0.5684413207,0.6217824418
-0.2394714001,0.9709034187

0.5669006085,0.6209113061
-0.2420548024,0.9702625792

0.5653530994,0.6200328819
-0.2446364898,0.9696148657

0.5637987715,0.619147135
-0.2472164441,0.9689602829

0.5622376025,0.6182540309
-0.2497946469,0.9682988353

0.56066957,0.6173535346
-0.25237108,0.9676305276

0.5590946512,0.6164456108
-0.2549457252,0.9669553646

0.557512823,0.6155302237
-0.2575185642,0.9662733511

0.5559240622,0.6146073371
-0.2600895787,0.9655844919

0.5543283452,0.6136769144
-0.2626587506,0.9648887919

0.5527256481,0.6127389185
-0.2652260616,0.964186256

0.5511159469,0.6117933118
-0.2677914936,0.9634768892

0.549499217,0.6108400566
-0.2703550284,0.9627606964

0.5478754339,0.6098791141
-0.2729166479,0.9620376829

0.5462445723,0.6089104457
-0.2754763338,0.9613078537

0.5446066071,0.6079340119
-0.278034068,0.9605712139

0.5429615126,0.6069497729
-0.2805898325,0.9598277689

0.5413092629,0.6059576882
-0.2831436092,0.9590775238

0.5396498317,0.6049577171
-0.2856953798,0.958320484

0.5379831924,0.6039498182
-0.2882451264,0.9575566548

0.5363093182,0.6029339495
-0.2907928309,0.9567860417

0.5346281818,0.6019100688
-0.2933384752,0.95600865

0.5329397556,0.600878133
-0.2958820413,0.9552244855

0.5312440118,0.5998380987
-0.2984235112,0.9544335535

0.5295409221,0.5987899217
-0.3009628669,0.9536358596

0.527830458,0.5977335576
-0.3035000904,0.9528314096

0.5261125904,0.5966689611
-0.3060351636,0.9520202091

0.5243872901,0.5955960865
-0.3085680688,0.9512022639

0.5226545273,0.5945148874
-0.3110987878,0.9503775798

0.5209142721,0.5934253169
-0.3136273028,0.9495461626

0.519166494,0.5923273273
-0.3161535959,0.9487080182

0.5174111621,0.5912208704
-0.3186776491,0.9478631526

0.5156482454,0.5901058975
-0.3211994446,0.9470115716

0.5138777121,0.588982359
-0.3237189645,0.9461532814

0.5120995303,0.5878502047
-0.326236191,0.9452882881

0.5103136676,0.5867093839
-0.3287511063,0.9444165978

0.5085200911,0.585559845
-0.3312636924,0.9435382165

0.5067187676,0.5844015358
-0.3337739317,0.9426531507

0.5049096634,0.5832344033
-0.3362818063,0.9417614065

0.5030927444,0.582058394
-0.3387872984,0.9408629902

0.5012679759,0.5808734533
-0.3412903904,0.9399579083

0.4994353231,0.5796795262
-0.3437910645,0.9390461671

0.4975947504,0.5784765568
-0.3462893029,0.9381277731

0.4957462218,0.5772644882
-0.3487850879,0.9372027328

0.493889701,0.5760432631
-0.351278402,0.9362710528

0.492025151,0.5748128231
-0.3537692274,0.9353327396

0.4901525344,0.5735731091
-0.3562575464,0.9343877999

0.4882718134,0.5723240611
-0.3587433415,0.9334362404

0.4863829494,0.5710656181
-0.361226595,0.9324780679

0.4844859037,0.5697977186
-0.3637072894,0.931513289

0.4825806366,0.5685202997
-0.366185407,0.9305419108

0.4806671083,0.5672332981
-0.3686609304,0.9295639399

0.4787452781,0.5659366491
-0.3711338419,0.9285793835

0.476815105,0.5646302873
-0.373604124,0.9275882484

0.4748765473,0.5633141464
-0.3760717593,0.9265905416

0.4729295627,0.5619881588
-0.3785367303,0.9255862703

0.4709741084,0.5606522562
-0.3809990195,0.9245754416

0.4690101409,0.5593063691
-0.3834586094,0.9235580625

0.4670376162,0.5579504269
-0.3859154826,0.9225341404

0.4650564896,0.556584358
-0.3883696218,0.9215036825

0.4630667157,0.5552080897
-0.3908210095,0.920466696

0.4610682487,0.5538215481
-0.3932696284,0.9194231884

0.4590610419,0.5524246583
-0.3957154612,0.918373167

0.4570450479,0.551017344
-0.3981584904,0.9173166392

0.4550202188,0.5495995278
-0.4005986988,0.9162536126

0.452986506,0.5481711312
-0.4030360691,0.9151840946

0.4509438599,0.5467320741
-0.4054705841,0.9141080929

0.4488922306,0.5452822755
-0.4079022264,0.913025615

0.446831567,0.5438216528
-0.4103309789,0.9119366687

0.4447618176,0.5423501221
-0.4127568243,0.9108412617

0.44268293,0.5408675983
-0.4151797455,0.9097394016

0.4405948509,0.5393739946
-0.4175997253,0.9086310964

0.4384975264,0.5378692231
-0.4200167466,0.9075163539

0.4363909016,0.5363531941
-0.4224307922,0.9063951819

0.4342749209,0.5348258165
-0.424841845,0.9052675885

0.4321495278,0.5332869977
-0.427249888,0.9041335815

0.4300146648,0.5317366434
-0.429654904,0.9029931691

0.4278702736,0.5301746579
-0.4320568761,0.9018463593

0.425716295,0.5286009435
-0.4344557873,0.9006931602

0.423552669,0.5270154011
-0.4368516204,0.8995335801

0.4213793343,0.5254179296
-0.4392443587,0.8983676271

0.4191962289,0.5238084263
-0.441633985,0.8971953094

0.4170032897,0.5221867866
-0.4440204825,0.8960166355

0.4148004526,0.5205529039
-0.4464038343,0.8948316136

0.4125876525,0.5189066698
-0.4487840235,0.8936402521

0.4103648232,0.5172479739
-0.4511610332,0.8924425595

0.4081318973,0.5155767037
-0.4535348466,0.8912385443

0.4058888064,0.5138927447
-0.4559054469,0.890028215

0.403635481,0.5121959802
-0.4582728173,0.8888115801

0.4013718503,0.5104862912
-0.4606369409,0.8875886484

0.3990978424,0.5087635565
-0.4629978011,0.8863594283

0.3968133841,0.5070276528
-0.4653553811,0.8851239288

0.394518401,0.5052784541
-0.4677096642,0.8838821584

0.3922128174,0.5035158321
-0.4700606338,0.8826341261

0.3898965562,0.5017396559
-0.4724082732,0.8813798406

0.3875695391,0.4999497921
-0.4747525657,0.8801193108

0.3852316863,0.4981461045
-0.4770934948,0.8788525458

0.3828829167,0.4963284544
-0.4794310439,0.8775795543

0.3805231475,0.4944967001
-0.4817651963,0.8763003456

0.3781522947,0.492650697
-0.4840959356,0.8750149285

0.3757702725,0.4907902975
-0.4864232453,0.8737233123

0.3733769938,0.488915351
-0.4887471088,0.8724255061

0.3709723697,0.4870257037
-0.4910675097,0.871121519

0.3685563097,0.4851211986
-0.4933844316,0.8698113604

0.3661287215,0.4832016753
-0.495697858,0.8684950394

0.3636895113,0.4812669698
-0.4980077726,0.8671725655

0.3612385833,0.4793169147
-0.500314159,0.865843948

0.3587758399,0.4773513389
-0.5026170009,0.8645091963

0.3563011816,0.4753700674
-0.5049162819,0.8631683198

0.3538145071,0.4733729215
-0.5072119857,0.8618213281

0.3513157129,0.4713597182
-0.5095040961,0.8604682307

0.3488046936,0.4693302705
-0.5117925969,0.8591090372

0.3462813416,0.467284387
-0.5140774717,0.8577437572

0.343745547,0.4652218719
-0.5163587046,0.8563724004

0.341197198,0.4631425247
-0.5186362792,0.8549949765

0.3386361803,0.4610461404
-0.5209101795,0.8536114953

0.3360623771,0.4589325087
-0.5231803893,0.8522219666

0.3334756694,0.4568014146
-0.5254468925,0.8508264001

0.3308759355,0.4546526375
-0.5277096732,0.8494248059

0.3282630512,0.4524859516
-0.5299687152,0.8480171938

0.3256368897,0.4503011254
-0.5322240026,0.8466035737

0.3229973213,0.4480979214
-0.5344755193,0.8451839559

0.3203442135,0.4458760963
-0.5367232495,0.8437583501

0.3176774309,0.4436354003
-0.5389671772,0.8423267667

0.3149968351,0.4413755772
-0.5412072865,0.8408892156

0.3123022844,0.4390963641
-0.5434435616,0.8394457072

0.3095936342,0.4367974909
-0.5456759865,0.8379962516

0.3068707362,0.4344786805
-0.5479045456,0.8365408591

0.3041334389,0.4321396479
-0.5501292229,0.83507954

0.3013815872,0.4297801006
-0.5523500028,0.8336123046

0.2986150222,0.4273997377
-0.5545668694,0.8321391635

0.2958335815,0.4249982498
-0.5567798071,0.8306601269

0.2930370983,0.4225753188
-0.5589888003,0.8291752053

0.2902254021,0.4201306173
-0.5611938332,0.8276844094

0.2873983179,0.4176638084
-0.5633948903,0.8261877496

0.2845556667,0.415174545
-0.5655919559,0.8246852366

0.2816972645,0.4126624699
-0.5677850145,0.8231768809

0.278822923,0.4101272147
-0.5699740505,0.8216626934

0.2759324487,0.4075683999
-0.5721590485,0.8201426847

0.2730256432,0.4049856341
-0.5743399929,0.8186168655

0.270102303,0.4023785134
-0.5765168684,0.8170852468

0.2671622188,0.3997466211
-0.5786896594,0.8155478392

0.2642051758,0.3970895269
-0.5808583506,0.8140046539

0.2612309534,0.3944067864
-0.5830229267,0.8124557016

0.2582393247,0.3916979401
-0.5851833722,0.8109009933

0.2552300565,0.3889625133
-0.5873396719,0.8093405401

0.2522029091,0.3862000147
-0.5894918105,0.807774353

0.2491576355,0.3834099359
-0.5916397728,0.8062024431

0.2460939818,0.3805917507
-0.5937835436,0.8046248215

0.2430116866,0.3777449137
-0.5959231075,0.8030414995

0.2399104805,0.3748688598
-0.5980584496,0.8014524882

0.236790086,0.3719630029
-0.6001895547,0.7998577989

0.233650217,0.3690267349
-0.6023164076,0.7982574429

0.2304905786,0.3660594242
-0.6044389933,0.7966514315

0.2273108664,0.3630604149
-0.6065572968,0.7950397762

0.2241107663,0.3600290251
-0.6086713031,0.7934224882

0.2208899539,0.3569645454
-0.6107809971,0.7917995792

0.2176480943,0.3538662375
-0.612886364,0.7901710605

0.2143848412,0.3507333324
-0.6149873888,0.7885369437

0.2110998364,0.3475650283
-0.6170840566,0.7868972405

0.2077927096,0.3443604891
-0.6191763526,0.7852519624

0.2044630774,0.3411188418
-0.621264262,0.783601121

0.2011105427,0.3378391746
-0.6233477699,0.7819447281

0.197734694,0.3345205338
-0.6254268616,0.7802827954

0.1943351049,0.3311619215
-0.6275015224,0.7786153347

0.1909113329,0.3277622926
-0.6295717376,0.7769423577

0.1874629187,0.3243205513
-0.6316374925,0.7752638764

0.1839893853,0.3208355478
-0.6336987724,0.7735799027

0.1804902371,0.3173060741
-0.6357555629,0.7718904484

0.1769649586,0.3137308604
-0.6378078492,0.7701955255

0.1734130133,0.3101085695
-0.6398556169,0.7684951461

0.1698338429,0.3064377927
-0.6418988514,0.7667893221

0.1662268651,0.3027170435
-0.6439375383,0.7650780658

0.1625914731,0.2989447516
-0.6459716632,0.7633613891

0.1589270336,0.2951192561
-0.6480012116,0.7616393043

0.1552328851,0.2912387977
-0.6500261691,0.7599118235

0.1515083363,0.2873015107
-0.6520465214,0.7581789591

0.1477526639,0.2833054129
-0.6540622542,0.7564407232

0.143965111,0.2792483957
-0.6560733532,0.7546971282

0.1401448842,0.275128212
-0.6580798041,0.7529481864

0.1362911516,0.2709424631
-0.6600815928,0.7511939103

0.1324030402,0.2666885837
-0.6620787051,0.7494343122

0.1284796327,0.262363825
-0.6640711267,0.7476694047

0.1245199643,0.2579652357
-0.6660588437,0.7458992001

0.12052302,0.2534896402
-0.6680418418,0.7441237112

0.1164877302,0.2489336135
-0.6700201072,0.7423429504

0.1124129673,0.2442934527
-0.6719936256,0.7405569304

0.1082975411,0.2395651441
-0.6739623833,0.7387656637

0.1041401945,0.2347443247
-0.6759263661,0.7369691632

0.09993959844,0.2298262378
-0.6778855603,0.7351674416

0.09569434708,0.2248056812
-0.6798399519,0.7333605115

0.09140295213,0.2196769451
-0.681789527,0.7315483859

0.08706383742,0.2144337398
-0.6837342719,0.7297310774

0.0826753334,0.2090691089
-0.6856741729,0.7279085991

0.07823567177,0.203575325
-0.687609216,0.7260809639

0.07374298074,0.197943763
-0.6895393877,0.7242481846

0.06919528154,0.1921647463
-0.6914646742,0.7224102742

0.06459048694,0.1862273564
-0.693385062,0.7205672459

0.0599264034,0.1801191957
-0.6953005374,0.7187191125

0.05520073907,0.1738260891
-0.6972110868,0.7168658873

0.05041112133,0.1673317035
-0.6991166967,0.7150075834

0.04555512979,0.1606170542
-0.7010173537,0.7131442139

0.0406303544,0.1536598587
-0.7029130442,0.711275792

0.03563449516,0.1464336701
-0.7048037548,0.709402331

0.03056553113,0.138906697
-0.7066894721,0.7075238442

0.02542200846,0.1310401547
-0.7085701827,0.7056403447

0.02020353803,0.1227859039
-0.7104458735,0.7037518461

0.01491167608,0.1140829593
-0.7123165309,0.7018583616

0.009551537022,0.1048521381
-0.7141821418,0.6999599048

0.004134886299,0.09498748897
-0.7160426931,0.6980564889

-0.001313553218,0.08434181447
-0.7178981714,0.6961481276

-0.006742143273,0.07270055769
-0.7197485636,0.6942348343

-0.0120377691,0.05973070811
-0.7215938567,0.6923166226

-0.01692547074,0.04487062896
-0.7234340376,0.6903935061

-0.02059882563,0.02707343853
-0.7252690932,0.6884654984

-0.01982562583,0.004498073512
-0.7270990105,0.6865326132

