0.01659235172,0
1,0

0.02579480013,0.02168979896
0.9999964577,0.002661696857

0.02915531662,0.03946539686
0.9999858307,0.005323374857

0.03063169854,0.05482692654
0.9999681193,0.007985015143

0.03120126476,0.06860592116
0.9999433234,0.01064659886

0.03124532166,0.08124647728
0.9999114432,0.01330810715

0.03095075626,0.09301520912
0.9998724791,0.01596952115

0.03042252452,0.1040866809
0.9998264312,0.01863082202

0.02972517704,0.114582602
0.9997732999,0.02129199089

0.02890108502,0.1245919187
0.9997130855,0.02395300892

0.02797945756,0.134182042
0.9996457886,0.02661385724

0.02698121451,0.1434055614
0.9995714095,0.02927451702

0.02592180488,0.1523044796
0.9994899488,0.0319349694

0.02481292742,0.1609130046
0.9994014071,0.03459519553

0.02366362828,0.1692594571
0.9993057849,0.03725517657

0.02248102739,0.1773676141
0.9992030831,0.03991489367

0.02127081412,0.1852576811
0.9990933022,0.04257432798

0.02003759479,0.1929470102
0.9989764432,0.04523346067

0.01878514171,0.2004506417
0.9988525067,0.0478922729

0.01751657543,0.2077817199
0.9987214938,0.05055074583

0.01623450049,0.2149518166
0.9985834052,0.05320886062

0.014941108,0.2219711861
0.998438242,0.05586659845

0.01363825442,0.2288489698
0.9982860053,0.05852394048

0.01232752274,0.2355933605
0.9981266961,0.0611808679

0.01101027049,0.2422117375
0.9979603155,0.06383736186

0.009687667974,0.2487107768
0.9977868647,0.06649340357

0.008360728818,0.2550965435
0.9976063449,0.06914897419

0.007030334728,0.2613745683
0.9974187574,0.07180405491

0.00569725565,0.2675499127
0.9972241036,0.07445862693

0.004362166319,0.2736272237
0.9970223849,0.07711267144

0.003025659954,0.2796107805
0.9968136025,0.07976616963

0.001688259639,0.2855045354
0.9965977581,0.0824191027

0.0003504278555,0.2913121477
0.9963748532,0.08507145187

-0.0009874254976,0.2970370142
0.9961448893,0.08772319833

-0.002324936323,0.3026822951
0.9959078681,0.09037432331

-0.00366178056,0.3082509372
0.9956637912,0.09302480802

-0.00499766926,0.3137456937
0.9954126604,0.09567463368

-0.006332344371,0.319169142
0.9951544774,0.09832378152

-0.007665575101,0.3245236994
0.9948892442,0.1009722328

-0.008997154783,0.3298116367
0.9946169625,0.1036199687

-0.01032689815,0.335035091
0.9943376343,0.1062669705

-0.01165463897,0.3401960764
0.9940512616,0.1089132194

-0.01298022799,0.345296494
0.9937578464,0.1115586967

-0.01430353108,0.3503381407
0.9934573907,0.1142033837

-0.01562442772,0.3553227172
0.9931498968,0.1168472615

-0.01694280953,0.3602518355
0.9928353667,0.1194903116

-0.0182585791,0.3651270249
0.9925138028,0.1221325151

-0.01957164882,0.3699497383
0.9921852073,0.1247738533

-0.02088193998,0.3747213573
0.9918495825,0.1274143076

-0.0221893819,0.3794431976
0.9915069307,0.1300538591

-0.02349391111,0.3841165126
0.9911572546,0.1326924893

-0.02479547074,0.3887424984
0.9908005564,0.1353301794

-0.02609400983,0.3933222969
0.9904368387,0.1379669108

-0.02738948285,0.3978569996
0.9900661042,0.1406026647

-0.02868184917,0.4023476504
0.9896883554,0.1432374225

-0.02997107262,0.4067952489
0.989303595,0.1458711655

-0.03125712111,0.4112007527
0.9889118258,0.148503875

-0.03253996625,0.41556508
0.9885130504,0.1511355325

-0.03381958302,0.4198891122
0.9881072718,0.1537661192

-0.03509594951,0.4241736954
0.9876944928,0.1563956165

-0.0363690466,0.4284196429
0.9872747164,0.1590240058

-0.03763885779,0.4326277366
0.9868479454,0.1616512685

-0.0389053689,0.436798729
0.986414183,0.164277386

-0.04016856793,0.4409333447
0.9859734322,0.1669023396

-0.04142844486,0.4450322818
0.9855256962,0.1695261107

-0.04268499148,0.4490962132
0.985070978,0.1721486809

-0.04393820123,0.453125788
0.9846092809,0.1747700314

-0.04518806909,0.4571216328
0.9841406083,0.1773901437

-0.04643459142,0.4610843526
0.9836649634,0.1800089993

-0.04767776587,0.4650145317
0.9831823495,0.1826265796

-0.04891759127,0.4689127352
0.9826927702,0.1852428661

-0.05015406752,0.4727795094
0.9821962288,0.1878578401

-0.0513871955,0.4766153831
0.9816927289,0.1904714833

-0.05261697703,0.4804208681
0.9811822741,0.193083777

-0.05384341472,0.4841964599
0.980664868,0.1956947028

-0.05506651196,0.4879426388
0.9801405142,0.1983042422

-0.05628627286,0.4916598703
0.9796092164,0.2009123767

-0.05750270213,0.4953486057
0.9790709785,0.2035190878

-0.0587158051,0.4990092829
0.9785258042,0.206124357

-0.05992558761,0.502642327
0.9779736974,0.2087281659

-0.06113205601,0.5062481504
0.977414662,0.211330496

-0.06233521709,0.5098271538
0.9768487019,0.2139313289

-0.06353507805,0.5133797266
0.9762758213,0.2165306463

-0.06473164646,0.5169062472
0.9756960241,0.2191284295

-0.06592493022,0.5204070833
0.9751093144,0.2217246603

-0.06711493756,0.5238825929
0.9745156964,0.2243193203

-0.06830167697,0.5273331239
0.9739151743,0.2269123911

-0.06948515719,0.5307590153
0.9733077524,0.2295038542

-0.07066538721,0.5341605967
0.9726934349,0.2320936914

-0.07184237619,0.5375381894
0.9720722263,0.2346818843

-0.07301613352,0.5408921063
0.9714441309,0.2372684146

-0.0741866687,0.5442226521
0.9708091531,0.2398532639

-0.07535399142,0.5475301241
0.9701672975,0.242436414

-0.07651811149,0.5508148119
0.9695185686,0.2450178464

-0.0776790388,0.5540769981
0.9688629711,0.247597543

-0.07883678339,0.5573169582
0.9682005094,0.2501754855

-0.07999135536,0.5605349612
0.9675311885,0.2527516555

-0.08114276486,0.5637312696
0.9668550129,0.2553260349

-0.08229102215,0.5669061395
0.9661719874,0.2578986054

-0.08343613751,0.5700598211
0.965482117,0.2604693488

-0.08457812127,0.5731925589
0.9647854066,0.2630382469

-0.08571698377,0.5763045916
0.9640818609,0.2656052814

-0.08685273542,0.5793961524
0.9633714851,0.2681704342

-0.08798538659,0.5824674693
0.9626542841,0.2707336871

-0.0891149477,0.5855187654
0.9619302631,0.2732950219

-0.09024142916,0.5885502585
0.9611994271,0.2758544206

-0.09136484136,0.5915621618
0.9604617814,0.2784118649

-0.09248519469,0.5945546838
0.9597173311,0.2809673368

-0.09360249953,0.5975280287
0.9589660816,0.2835208181

-0.09471676622,0.6004823961
0.9582080382,0.2860722908

-0.09582800508,0.6034179813
0.9574432062,0.2886217368

-0.09693622642,0.6063349759
0.956671591,0.291169138

-0.09804144049,0.6092335672
0.9558931982,0.2937144763

-0.09914365751,0.6121139386
0.9551080332,0.2962577338

-0.1002428877,0.6149762699
0.9543161017,0.2987988924

-0.1013391411,0.6178207373
0.9535174091,0.3013379341

-0.1024324278,0.6206475133
0.9527119612,0.303874841

-0.103522758,0.6234567671
0.9518997637,0.306409595

-0.1046101415,0.6262486644
0.9510808223,0.3089421782

-0.1056945883,0.6290233679
0.9502551428,0.3114725727

-0.1067761083,0.6317810369
0.9494227311,0.3140007605

-0.1078547112,0.6345218277
0.9485835932,0.3165267237

-0.1089304069,0.6372458937
0.9477377348,0.3190504444

-0.110003205,0.6399533853
0.946885162,0.3215719048

-0.1110731151,0.6426444501
0.9460258809,0.3240910869

-0.1121401468,0.6453192329
0.9451598976,0.326607973

-0.1132043097,0.6479778759
0.9442872181,0.3291225452

-0.114265613,0.6506205187
0.9434078487,0.3316347856

-0.1153240663,0.6532472982
0.9425217956,0.3341446766

-0.1163796787,0.655858349
0.941629065,0.3366522003

-0.1174324595,0.6584538031
0.9407296634,0.3391573388

-0.1184824179,0.6610337903
0.939823597,0.3416600746

-0.1195295629,0.6635984381
0.9389108723,0.3441603899

-0.1205739035,0.6661478717
0.9379914957,0.3466582669

-0.1216154487,0.6686822141
0.9370654738,0.3491536879

-0.1226542073,0.6712015862
0.9361328132,0.3516466353

-0.1236901882,0.6737061069
0.9351935203,0.3541370914

-0.1247234,0.6761958928
0.934247602,0.3566250386

-0.1257538514,0.6786710589
0.9332950648,0.3591104592

-0.126781551,0.6811317179
0.9323359156,0.3615933357

-0.1278065073,0.6835779809
0.9313701612,0.3640736504

-0.1288287287,0.6860099571
0.9303978082,0.3665513858

-0.1298482236,0.6884277537
0.9294188638,0.3690265242

-0.1308650002,0.6908314764
0.9284333348,0.3714990483

-0.1318790668,0.693221229
0.9274412281,0.3739689404

-0.1328904315,0.6955971137
0.9264425509,0.3764361831

-0.1338991024,0.6979592311
0.9254373101,0.3789007589

-0.1349050875,0.70030768
0.9244255129,0.3813626503

-0.1359083946,0.7026425579
0.9234071666,0.3838218398

-0.1369090317,0.7049639606
0.9223822782,0.3862783102

-0.1379070065,0.7072719824
0.921350855,0.3887320439

-0.1389023268,0.7095667161
0.9203129045,0.3911830235

-0.1398950001,0.7118482533
0.9192684338,0.3936312318

-0.1408850341,0.714116684
0.9182174504,0.3960766513

-0.1418724362,0.7163720967
0.9171599618,0.3985192648

-0.1428572139,0.7186145788
0.9160959755,0.4009590549

-0.1438393746,0.7208442163
0.9150254989,0.4033960044

-0.1448189254,0.7230610938
0.9139485397,0.4058300959

-0.1457958737,0.7252652948
0.9128651055,0.4082613123

-0.1467702266,0.7274569015
0.911775204,0.4106896363

-0.1477419911,0.7296359949
0.9106788429,0.4131150507

-0.1487111744,0.7318026547
0.90957603,0.4155375383

-0.1496777833,0.7339569596
0.908466773,0.417957082

-0.1506418248,0.7360989871
0.9073510799,0.4203736646

-0.1516033055,0.7382288135
0.9062289585,0.422787269

-0.1525622324,0.7403465142
0.9051004168,0.4251978781

-0.1535186121,0.7424521633
0.9039654628,0.4276054749

-0.1544724512,0.7445458339
0.9028241045,0.4300100422

-0.1554237563,0.7466275983
0.90167635,0.432411563

-0.1563725338,0.7486975274
0.9005222075,0.4348100204

-0.1573187902,0.7507556915
0.8993616851,0.4372053973

-0.1582625319,0.7528021597
0.898194791,0.4395976768

-0.1592037651,0.7548370001
0.8970215336,0.4419868418

-0.1601424961,0.7568602801
0.895841921,0.4443728755

-0.1610787311,0.7588720659
0.8946559618,0.4467557611

-0.1620124763,0.7608724229
0.8934636642,0.4491354815

-0.1629437376,0.7628614158
0.8922650368,0.4515120199

-0.163872521,0.7648391082
0.891060088,0.4538853596

-0.1647988326,0.766805563
0.8898488263,0.4562554836

-0.1657226781,0.768760842
0.8886312604,0.4586223752

-0.1666440635,0.7707050065
0.8874073988,0.4609860177

-0.1675629944,0.7726381169
0.8861772503,0.4633463942

-0.1684794766,0.7745602327
0.8849408236,0.4657034881

-0.1693935157,0.7764714126
0.8836981273,0.4680572826

-0.1703051173,0.7783717148
0.8824491704,0.4704077611

-0.1712142869,0.7802611965
0.8811939616,0.472754907

-0.1721210301,0.7821399142
0.8799325099,0.4750987035

-0.1730253522,0.7840079237
0.8786648241,0.4774391342

-0.1739272586,0.7858652802
0.8773909134,0.4797761823

-0.1748267547,0.7877120379
0.8761107866,0.4821098314

-0.1757238456,0.7895482507
0.8748244529,0.484440065

-0.1766185366,0.7913739716
0.8735319214,0.4867668664

-0.1775108328,0.7931892528
0.8722332013,0.4890902193

-0.1784007394,0.7949941462
0.8709283016,0.4914101072

-0.1792882613,0.7967887028
0.8696172318,0.4937265135

-0.1801734036,0.798572973
0.868300001,0.4960394221

-0.1810561712,0.8003470066
0.8669766186,0.4983488163

-0.181936569,0.8021108529
0.8656470941,0.5006546799

-0.1828146019,0.8038645604
0.8643114367,0.5029569966

-0.1836902745,0.8056081771
0.8629696559,0.50525575

-0.1845635917,0.8073417505
0.8616217614,0.5075509239

-0.1854345582,0.8090653274
0.8602677625,0.5098425019

-0.1863031785,0.810778954
0.858907669,0.5121304679

-0.1871694573,0.8124826762
0.8575414904,0.5144148056

-0.1880333992,0.8141765392
0.8561692365,0.5166954988

-0.1888950085,0.8158605874
0.8547909169,0.5189725315

-0.1897542898,0.8175348652
0.8534065414,0.5212458874

-0.1906112475,0.819199416
0.8520161198,0.5235155505

-0.1914658859,0.8208542829
0.850619662,0.5257815047

-0.1923182092,0.8224995086
0.8492171778,0.5280437339

-0.1931682219,0.8241351351
0.8478086773,0.5303022221

-0.194015928,0.825761204
0.8463941703,0.5325569533

-0.1948613318,0.8273777565
0.8449736669,0.5348079115

-0.1957044373,0.828984833
0.8435471772,0.5370550808

-0.1965452487,0.8305824739
0.8421147113,0.5392984452

-0.1973837699,0.8321707188
0.8406762793,0.5415379889

-0.1982200051,0.833749607
0.8392318914,0.543773696

-0.199053958,0.8353191773
0.8377815578,0.5460055507

-0.1998856326,0.836879468
0.8363252889,0.5482335371

-0.2007150328,0.8384305171
0.8348630948,0.5504576395

-0.2015421624,0.839972362
0.8333949861,0.5526778421

-0.2023670251,0.84150504
0.8319209731,0.5548941291

-0.2031896248,0.8430285875
0.8304410662,0.557106485

-0.204009965,0.8445430409
0.8289552759,0.5593148939

-0.2048280494,0.8460484361
0.8274636128,0.5615193403

-0.2056438816,0.8475448084
0.8259660874,0.5637198085

-0.2064574652,0.849032193
0.8244627103,0.5659162829

-0.2072688038,0.8505106244
0.8229534922,0.5681087481

-0.2080779007,0.8519801371
0.8214384438,0.5702971884

-0.2088847595,0.8534407649
0.8199175757,0.5724815883

-0.2096893835,0.8548925414
0.8183908989,0.5746619325

-0.2104917761,0.8563354997
0.816858424,0.5768382053

-0.2112919407,0.8577696727
0.815320162,0.5790103915

-0.2120898805,0.8591950928
0.8137761238,0.5811784755

-0.2128855987,0.8606117922
0.8122263202,0.5833424422

-0.2136790986,0.8620198025
0.8106707623,0.585502276

-0.2144703834,0.8634191553
0.809109461,0.5876579618

-0.2152594562,0.8648098816
0.8075424276,0.5898094842

-0.21604632,0.8661920121
0.8059696729,0.5919568281

-0.2168309779,0.8675655773
0.8043912083,0.5940999781

-0.2176134331,0.8689306072
0.8028070448,0.5962389192

-0.2183936883,0.8702871318
0.8012171938,0.5983736361

-0.2191717467,0.8716351803
0.7996216664,0.6005041138

-0.219947611,0.872974782
0.798020474,0.602630337

-0.2207212843,0.8743059657
0.7964136278,0.6047522909

-0.2214927692,0.87562876
0.7948011394,0.6068699604

-0.2222620687,0.8769431931
0.7931830201,0.6089833303

-0.2230291855,0.8782492929
0.7915592814,0.6110923859

-0.2237941223,0.8795470871
0.7899299347,0.613197112

-0.2245568818,0.880836603
0.7882949917,0.6152974939

-0.2253174667,0.8821178678
0.7866544639,0.6173935166

-0.2260758796,0.8833909082
0.785008363,0.6194851653

-0.2268321232,0.8846557508
0.7833567005,0.6215724252

-0.2275861999,0.8859124217
0.7816994882,0.6236552815

-0.2283381123,0.887160947
0.7800367379,0.6257337194

-0.229087863,0.8884013523
0.7783684613,0.6278077241

-0.2298354543,0.8896336632
0.7766946702,0.6298772811

-0.2305808887,0.8908579048
0.7750153765,0.6319423757

-0.2313241685,0.8920741019
0.7733305921,0.6340029931

-0.2320652963,0.8932822793
0.771640329,0.6360591189

-0.2328042742,0.8944824614
0.769944599,0.6381107384

-0.2335411045,0.8956746724
0.7682434143,0.6401578371

-0.2342757896,0.8968589361
0.7665367868,0.6422004005

-0.2350083317,0.8980352762
0.7648247287,0.6442384142

-0.235738733,0.8992037162
0.7631072521,0.6462718637

-0.2364669956,0.9003642793
0.7613843691,0.6483007346

-0.2371931217,0.9015169884
0.759656092,0.6503250125

-0.2379171133,0.9026618662
0.757922433,0.652344683

-0.2386389726,0.9037989353
0.7561834044,0.654359732

-0.2393587017,0.904928218
0.7544390186,0.656370145

-0.2400763024,0.9060497361
0.7526892877,0.6583759079

-0.2407917769,0.9071635117
0.7509342244,0.6603770064

-0.241505127,0.9082695663
0.7491738409,0.6623734264

-0.2422163547,0.9093679212
0.7474081499,0.6643651538

-0.2429254619,0.9104585977
0.7456371637,0.6663521743

-0.2436324503,0.9115416167
0.7438608949,0.6683344739

-0.244337322,0.912616999
0.7420793561,0.6703120387

-0.2450400786,0.9136847651
0.74029256,0.6722848545

-0.245740722,0.9147449353
0.7385005191,0.6742529075

-0.2464392538,0.9157975298
0.7367032463,0.6762161836

-0.2471356759,0.9168425686
0.7349007542,0.6781746689

-0.2478299898,0.9178800712
0.7330930555,0.6801283496

-0.2485221972,0.9189100574
0.7312801632,0.6820772119

-0.2492122999,0.9199325463
0.72946209,0.6840212418

-0.2499002992,0.9209475573
0.7276388488,0.6859604258

-0.250586197,0.9219551092
0.7258104526,0.6878947499

-0.2512699945,0.9229552208
0.7239769142,0.6898242006

-0.2519516935,0.9239479106
0.7221382468,0.6917487641

-0.2526312953,0.9249331972
0.7202944632,0.6936684268

-0.2533088015,0.9259110986
0.7184455766,0.6955831751

-0.2539842134,0.926881633
0.7165916001,0.6974929954

-0.2546575325,0.9278448182
0.7147325468,0.6993978743

-0.2553287601,0.9288006718
0.7128684298,0.7012977982

-0.2559978975,0.9297492114
0.7109992625,0.7031927536

-0.2566649462,0.9306904543
0.709125058,0.7050827272

-0.2573299073,0.9316244177
0.7072458295,0.7069677055

-0.2579927822,0.9325511185
0.7053615905,0.7088476752

-0.258653572,0.9334705735
0.7034723543,0.7107226229

-0.2593122781,0.9343827995
0.7015781342,0.7125925355

-0.2599689015,0.9352878128
0.6996789437,0.7144573996

-0.2606234434,0.9361856299
0.6977747961,0.716317202

-0.2612759049,0.9370762668
0.6958657052,0.7181719295

-0.2619262872,0.9379597396
0.6939516842,0.7200215691

-0.2625745913,0.9388360641
0.6920327469,0.7218661076

-0.2632208183,0.9397052559
0.6901089067,0.7237055319

-0.2638649692,0.9405673307
0.6881801774,0.725539829

-0.264507045,0.9414223037
0.6862465725,0.7273689859

-0.2651470466,0.9422701902
0.6843081059,0.7291929897

-0.265784975,0.9431110053
0.6823647912,0.7310118274

-0.266420831,0.9439447638
0.6804166421,0.7328254861

-0.2670546157,0.9447714806
0.6784636726,0.7346339531

-0.2676863299,0.9455911702
0.6765058964,0.7364372154

-0.2683159743,0.946403847
0.6745433273,0.7382352603

-0.2689435499,0.9472095256
0.6725759794,0.7400280751

-0.2695690573,0.9480082199
0.6706038665,0.741815647

-0.2701924974,0.9487999441
0.6686270027,0.7435979635

-0.2708138709,0.949584712
0.6666454018,0.7453750118

-0.2714331784,0.9503625374
0.664659078,0.7471467794

-0.2720504208,0.9511334339
0.6626680453,0.7489132538

-0.2726655986,0.951897415
0.6606723179,0.7506744223

-0.2732787124,0.952654494
0.6586719098,0.7524302726

-0.2738897629,0.9534046842
0.6566668353,0.7541807922

-0.2744987507,0.9541479986
0.6546571086,0.7559259687

-0.2751056763,0.9548844501
0.6526427438,0.7576657898

-0.2757105402,0.9556140516
0.6506237552,0.759400243

-0.2763133429,0.9563368157
0.6486001573,0.7611293162

-0.276914085,0.957052755
0.6465719642,0.762852997

-0.2775127669,0.9577618818
0.6445391904,0.7645712733

-0.278109389,0.9584642086
0.6425018503,0.7662841329

-0.2787039517,0.9591597474
0.6404599583,0.7679915636

-0.2792964553,0.9598485103
0.6384135289,0.7696935534

-0.2798869004,0.9605305091
0.6363625765,0.7713900902

-0.2804752871,0.9612057558
0.6343071157,0.773081162

-0.2810616158,0.9618742619
0.6322471611,0.7747667567

-0.2816458868,0.9625360389
0.6301827272,0.7764468625

-0.2822281003,0.9631910984
0.6281138287,0.7781214675

-0.2828082565,0.9638394517
0.6260404803,0.7797905597

-0.2833863557,0.9644811098
0.6239626966,0.7814541274

-0.2839623981,0.9651160839
0.6218804923,0.7831121588

-0.2845363837,0.9657443849
0.6197938822,0.7847646421

-0.2851083128,0.9663660236
0.6177028811,0.7864115657

-0.2856781854,0.9669810108
0.6156075038,0.7880529178

-0.2862460017,0.9675893571
0.6135077652,0.7896886868

-0.2868117616,0.968191073
0.6114036801,0.7913188612

-0.2873754652,0.9687861688
0.6092952633,0.7929434293

-0.2879371126,0.9693746548
0.60718253,0.7945623797

-0.2884967037,0.9699565412
0.605065495,0.796175701

-0.2890542384,0.9705318379
0.6029441733,0.7977833816

-0.2896097167,0.971100555
0.6008185799,0.7993854102

-0.2901631386,0.9716627023
0.59868873,0.8009817754

-0.2907145038,0.9722182894
0.5965546386,0.802572466

-0.2912638123,0.972767326
0.5944163208,0.8041574706

-0.291811064,0.9733098217
0.5922737917,0.8057367781

-0.2923562585,0.9738457857
0.5901270667,0.8073103772

-0.2928993957,0.9743752273
0.5879761608,0.8088782568

-0.2934404754,0.9748981559
0.5858210892,0.8104404058

-0.2939794972,0.9754145804
0.5836618674,0.8119968131

-0.294516461,0.9759245098
0.5814985105,0.8135474677

-0.2950513664,0.9764279531
0.5793310339,0.8150923587

-0.2955842131,0.9769249189
0.577159453,0.8166314749

-0.2961150007,0.977415416
0.5749837831,0.8181648057

-0.2966437288,0.977899453
0.5728040396,0.81969234

-0.297170397,0.9783770382
0.570620238,0.8212140671

-0.297695005,0.9788481802
0.5684323938,0.8227299762

-0.2982175521,0.9793128871
0.5662405224,0.8242400565

-0.298738038,0.9797711672
0.5640446395,0.8257442974

-0.2992564621,0.9802230285
0.5618447604,0.8272426882

-0.2997728239,0.980668479
0.5596409009,0.8287352183

-0.3002871229,0.9811075267
0.5574330766,0.8302218771

-0.3007993585,0.9815401793
0.555221303,0.831702654

-0.30130953,0.9819664445
0.5530055959,0.8331775387

-0.3018176368,0.9823863299
0.5507859709,0.8346465205

-0.3023236783,0.982799843
0.5485624439,0.8361095892

-0.3028276538,0.9832069913
0.5463350304,0.8375667344

-0.3033295626,0.983607782
0.5441037464,0.8390179457

-0.3038294039,0.9840022225
0.5418686075,0.8404632129

-0.3043271771,0.9843903198
0.5396296298,0.8419025256

-0.3048228812,0.984772081
0.5373868289,0.8433358738

-0.3053165156,0.9851475131
0.5351402209,0.8447632473

-0.3058080793,0.9855166229
0.5328898216,0.8461846359

-0.3062975715,0.9858794173
0.5306356469,0.8476000296

-0.3067849914,0.9862359029
0.5283777129,0.8490094184

-0.307270338,0.9865860862
0.5261160355,0.8504127922

-0.3077536105,0.9869299739
0.5238506308,0.8518101412

-0.3082348077,0.9872675724
0.5215815148,0.8532014554

-0.3087139288,0.9875988879
0.5193087035,0.8545867249

-0.3091909728,0.9879239268
0.5170322132,0.8559659401

-0.3096659385,0.9882426952
0.5147520598,0.857339091

-0.310138825,0.9885551993
0.5124682596,0.8587061679

-0.3106096312,0.9888614449
0.5101808288,0.8600671613

-0.3110783559,0.989161438
0.5078897835,0.8614220614

-0.311544998,0.9894551844
0.50559514,0.8627708586

-0.3120095564,0.9897426899
0.5032969145,0.8641135434

-0.3124720298,0.9900239602
0.5009951234,0.8654501062

-0.3129324171,0.9902990007
0.4986897829,0.8667805376

-0.313390717,0.990567817
0.4963809093,0.8681048283

-0.3138469281,0.9908304146
0.4940685191,0.8694229687

-0.3143010493,0.9910867986
0.4917526286,0.8707349495

-0.3147530793,0.9913369744
0.4894332542,0.8720407615

-0.3152030165,0.9915809472
0.4871104123,0.8733403954

-0.3156508598,0.991818722
0.4847841194,0.874633842

-0.3160966076,0.9920503037
0.482454392,0.8759210921

-0.3165402586,0.9922756974
0.4801212465,0.8772021367

-0.3169818113,0.9924949079
0.4777846996,0.8784769666

-0.3174212642,0.9927079399
0.4754447678,0.8797455728

-0.3178586158,0.9929147981
0.4731014676,0.8810079463

-0.3182938645,0.9931154871
0.4707548156,0.8822640781

-0.3187270089,0.9933100115
0.4684048285,0.8835139595

-0.3191580472,0.9934983756
0.466051523,0.8847575815

-0.319586978,0.9936805838
0.4636949156,0.8859949352

-0.3200137994,0.9938566405
0.4613350231,0.8872260121

-0.32043851,0.9940265498
0.4589718622,0.8884508032

-0.3208611079,0.9941903158
0.4566054497,0.8896693

-0.3212815914,0.9943479427
0.4542358022,0.8908814938

-0.3216999588,0.9944994343
0.4518629367,0.892087376

-0.3221162082,0.9946447946
0.4494868699,0.8932869381

-0.322530338,0.9947840275
0.4471076187,0.8944801716

-0.3229423461,0.9949171365
0.4447251998,0.895667068

-0.3233522308,0.9950441256
0.4423396302,0.8968476189

-0.3237599901,0.9951649981
0.4399509268,0.898021816

-0.3241656222,0.9952797577
0.4375591065,0.8991896509

-0.3245691249,0.9953884078
0.4351641863,0.9003511154

-0.3249704965,0.9954909517
0.4327661831,0.9015062012

-0.3253697347,0.9955873929
0.4303651138,0.9026549002

-0.3257668377,0.9956777343
0.4279609956,0.9037972041

-0.3261618033,0.9957619793
0.4255538455,0.904933105

-0.3265546293,0.995840131
0.4231436804,0.9060625948

-0.3269453138,0.9959121922
0.4207305176,0.9071856654

-0.3273338544,0.9959781659
0.418314374,0.908302309

-0.327720249,0.996038055
0.4158952668,0.9094125176

-0.3281044953,0.9960918623
0.4134732131,0.9105162832

-0.3284865912,0.9961395904
0.4110482301,0.9116135983

-0.3288665343,0.9961812421
0.408620335,0.9127044548

-0.3292443222,0.9962168198
0.4061895449,0.9137888452

-0.3296199527,0.996246326
0.4037558772,0.9148667617

-0.3299934234,0.9962697632
0.401319349,0.9159381967

-0.3303647317,0.9962871337
0.3988799776,0.9170031426

-0.3307338754,0.9962984398
0.3964377802,0.9180615918

-0.3311008518,0.9963036837
0.3939927742,0.919113537

-0.3314656585,0.9963028676
0.391544977,0.9201589705

-0.331828293,0.9962959933
0.3890944058,0.921197885

-0.3321887526,0.9962830631
0.386641078,0.9222302732

-0.3325470347,0.9962640787
0.3841850109,0.9232561277

-0.3329031368,0.9962390421
0.3817262221,0.9242754413

-0.3332570561,0.9962079549
0.3792647288,0.9252882067

-0.3336087899,0.996170819
0.3768005487,0.9262944168

-0.3339583355,0.9961276358
0.374333699,0.9272940644

-0.33430569,0.9960784071
0.3718641973,0.9282871424

-0.3346508507,0.9960231343
0.369392061,0.9292736439

-0.3349938148,0.9959618188
0.3669173078,0.9302535618

-0.3353345793,0.995894462
0.3644399551,0.9312268892

-0.3356731413,0.9958210651
0.3619600204,0.9321936192

-0.3360094979,0.9957416294
0.3594775214,0.9331537449

-0.3363436461,0.995656156
0.3569924756,0.9341072595

-0.3366755829,0.995564646
0.3545049007,0.9350541564

-0.3370053051,0.9954671004
0.3520148142,0.9359944287

-0.3373328098,0.9953635201
0.3495222338,0.9369280698

-0.3376580937,0.995253906
0.3470271772,0.9378550732

-0.3379811537,0.9951382589
0.344529662,0.9387754321

-0.3383019867,0.9950165795
0.342029706,0.9396891402

-0.3386205892,0.9948888685
0.3395273268,0.9405961909

-0.3389369582,0.9947551265
0.3370225421,0.9414965778

-0.3392510902,0.994615354
0.3345153698,0.9423902946

-0.3395629819,0.9944695514
0.3320058276,0.9432773349

-0.3398726299,0.9943177192
0.3294939332,0.9441576923

-0.3401800307,0.9941598576
0.3269797044,0.9450313608

-0.340485181,0.9939959669
0.3244631592,0.945898334

-0.3407880771,0.9938260474
0.3219443152,0.9467586059

-0.3410887155,0.993650099
0.3194231904,0.9476121704

-0.3413870927,0.9934681218
0.3168998025,0.9484590213

-0.341683205,0.9932801159
0.3143741696,0.9492991528

-0.3419770486,0.9930860811
0.3118463094,0.9501325588

-0.34226862,0.9928860173
0.3093162399,0.9509592335

-0.3425579153,0.9926799242
0.306783979,0.9517791709

-0.3428449307,0.9924678015
0.3042495446,0.9525923654

-0.3431296625,0.992249649
0.3017129548,0.9533988111

-0.3434121066,0.9920254661
0.2991742274,0.9541985022

-0.3436922593,0.9917952523
0.2966333805,0.9549914333

-0.3439701164,0.9915590071
0.294090432,0.9557775985

-0.344245674,0.9913167299
0.2915454,0.9565569924

-0.3445189281,0.9910684199
0.2889983025,0.9573296095

-0.3447898745,0.9908140764
0.2864491576,0.9580954442

-0.3450585091,0.9905536986
0.2838979832,0.9588544911

-0.3453248277,0.9902872854
0.2813447976,0.9596067449

-0.345588826,0.9900148361
0.2787896187,0.9603522002

-0.3458504997,0.9897363495
0.2762324647,0.9610908518

-0.3461098446,0.9894518245
0.2736733537,0.9618226944

-0.3463668562,0.98916126
0.2711123039,0.9625477228

-0.3466215301,0.9888646547
0.2685493332,0.9632659319

-0.3468738619,0.9885620073
0.26598446,0.9639773166

-0.347123847,0.9882533164
0.2634177024,0.9646818719

-0.3473714807,0.9879385807
0.2608490786,0.9653795928

-0.3476167586,0.9876177985
0.2582786068,0.9660704743

-0.3478596759,0.9872909683
0.2557063051,0.9667545115

-0.3481002279,0.9869580885
0.2531321919,0.9674316996

-0.3483384098,0.9866191573
0.2505562853,0.9681020338

-0.3485742168,0.9862741731
0.2479786036,0.9687655094

-0.348807644,0.9859231338
0.2453991651,0.9694221216

-0.3490386865,0.9855660377
0.242817988,0.9700718657

-0.3492673393,0.9852028828
0.2402350906,0.9707147373

-0.3494935973,0.9848336669
0.2376504913,0.9713507317

-0.3497174554,0.9844583881
0.2350642082,0.9719798444

-0.3499389086,0.9840770441
0.2324762599,0.972602071

-0.3501579515,0.9836896326
0.2298866645,0.9732174071

-0.3503745789,0.9832961514
0.2272954404,0.9738258483

-0.3505887855,0.9828965982
0.2247026061,0.9744273902

-0.350800566,0.9824909703
0.2221081798,0.9750220287

-0.3510099148,0.9820792654
0.2195121799,0.9756097595

-0.3512168265,0.9816614809
0.2169146249,0.9761905785

-0.3514212955,0.9812376141
0.2143155332,0.9767644815

-0.3516233162,0.9808076622
0.211714923,0.9773314644

-0.351822883,0.9803716227
0.209112813,0.9778915234

-0.35201999,0.9799294925
0.2065092214,0.9784446543

-0.3522146315,0.9794812688
0.2039041669,0.9789908532

-0.3524068017,0.9790269486
0.2012976677,0.9795301164

-0.3525964945,0.9785665289
0.1986897424,0.98006244

-0.3527837041,0.9781000065
0.1960804095,0.9805878202

-0.3529684243,0.9776273784
0.1934696874,0.9811062532

-0.3531506489,0.9771486412
0.1908575946,0.9816177355

-0.353330372,0.9766637916
0.1882441497,0.9821222633

-0.353507587,0.9761728264
0.1856293711,0.9826198332

-0.3536822879,0.975675742
0.1830132774,0.9831104415

-0.353854468,0.9751725349
0.1803958872,0.9835940849

-0.354024121,0.9746632016
0.1777772189,0.9840707599

-0.3541912404,0.9741477385
0.1751572911,0.9845404631

-0.3543558194,0.9736261418
0.1725361224,0.9850031911

-0.3545178515,0.9730984079
0.1699137313,0.9854589408

-0.3546773298,0.9725645328
0.1672901364,0.9859077088

-0.3548342476,0.9720245127
0.1646653564,0.986349492

-0.3549885979,0.9714783436
0.1620394097,0.9867842873

-0.3551403737,0.9709260216
0.1594123151,0.9872120916

-0.3552895681,0.9703675424
0.1567840911,0.9876329018

-0.3554361737,0.9698029021
0.1541547563,0.988046715

-0.3555801834,0.9692320963
0.1515243294,0.9884535283

-0.35572159,0.9686551208
0.148892829,0.9888533387

-0.3558603859,0.9680719713
0.1462602738,0.9892461434

-0.3559965639,0.9674826433
0.1436266823,0.9896319397

-0.3561301161,0.9668871325
0.1409920733,0.9900107248

-0.3562610352,0.9662854342
0.1383564655,0.990382496

-0.3563893133,0.9656775438
0.1357198774,0.9907472508

-0.3565149426,0.9650634568
0.1330823278,0.9911049864

-0.3566379152,0.9644431685
0.1304438353,0.9914557004

-0.3567582231,0.9638166739
0.1278044187,0.9917993903

-0.3568758582,0.9631839684
0.1251640967,0.9921360536

-0.3569908124,0.962545047
0.1225228879,0.992465688

-0.3571030774,0.9618999047
0.1198808111,0.9927882912

-0.3572126449,0.9612485366
0.1172378849,0.9931038608

-0.3573195063,0.9605909376
0.1145941282,0.9934123946

-0.3574236531,0.9599271025
0.1119495596,0.9937138905

-0.3575250766,0.9592570261
0.1093041979,0.9940083462

-0.3576237682,0.9585807032
0.1066580619,0.9942957597

-0.3577197188,0.9578981285
0.1040111701,0.9945761291

-0.3578129197,0.9572092966
0.1013635415,0.9948494522

-0.3579033616,0.9565142021
0.09871519482,0.9951157271

-0.3579910355,0.9558128395
0.09606614874,0.995374952

-0.358075932,0.9551052033
0.09341642206,0.995627125

-0.3581580417,0.9543912878
0.09076603356,0.9958722444

-0.3582373552,0.9536710875
0.08811500202,0.9961103084

-0.3583138628,0.9529445967
0.08546334621,0.9963413152

-0.3583875548,0.9522118096
0.08281108492,0.9965652634

-0.3584584214,0.9514727203
0.08015823695,0.9967821512

-0.3585264525,0.9507273232
0.07750482108,0.9969919773

-0.3585916382,0.9499756121
0.07485085612,0.9971947399

-0.3586539682,0.9492175813
0.07219636087,0.9973904378

-0.3587134321,0.9484532247
0.06954135414,0.9975790696

-0.3587700195,0.9476825362
0.06688585472,0.9977606338

-0.3588237199,0.9469055098
0.06422988145,0.9979351293

-0.3588745225,0.9461221394
0.06157345313,0.9981025548

-0.3589224165,0.9453324187
0.05891658858,0.9982629091

-0.358967391,0.9445363415
0.05625930663,0.998416191

-0.3590094348,0.9437339016
0.05360162611,0.9985623995

-0.3590485366,0.9429250926
0.05094356583,0.9987015335

-0.3590846852,0.9421099083
0.04828514464,0.9988335921

-0.3591178689,0.9412883422
0.04562638137,0.9989585744

-0.3591480762,0.940460388
0.04296729485,0.9990764793

-0.3591752952,0.9396260391
0.04030790392,0.9991873062

-0.359199514,0.9387852892
0.03764822742,0.9992910542

-0.3592207205,0.9379381316
0.0349882842,0.9993877225

-0.3592389024,0.9370845598
0.0323280931,0.9994773106

-0.3592540473,0.9362245674
0.02966767297,0.9995598177

-0.3592661426,0.9353581476
0.02700704265,0.9996352433

-0.3592751758,0.934485294
0.024346221,0.9997035868

-0.3592811338,0.9336059997
0.02168522686,0.9997648478

-0.3592840036,0.9327202583
0.01902407909,0.9998190258

-0.3592837721,0.9318280629
0.01636279654,0.9998661205

-0.3592804258,0.930929407
0.01370139807,0.9999061314

-0.3592739513,0.9300242839
0.01103990253,0.9999390584

-0.3592643347,0.9291126868
0.00837832877,0.9999649012

-0.3592515624,0.928194609
0.005716695657,0.9999836596

-0.3592356201,0.9272700438
0.003055022043,0.9999953334

-0.3592164936,0.9263389845
0.0003933267848,0.9999999226

-0.3591941686,0.9254014245
-0.00226837126,0.9999974272

-0.3591686304,0.9244573569
-0.004930053234,0.9999878472

-0.3591398642,0.9235067752
-0.00759170028,0.9999711826

-0.3591078552,0.9225496726
-0.01025329354,0.9999474336

-0.359072588,0.9215860425
-0.01291481416,0.9999166003

-0.3590340473,0.9206158783
-0.01557624329,0.999878683

-0.3589922176,0.9196391733
-0.01823756206,0.9998336818

-0.3589470832,0.9186559209
-0.02089875162,0.9997815972

-0.358898628,0.9176661147
-0.02355979313,0.9997224296

-0.358846836,0.9166697481
-0.02622066772,0.9996561792

-0.3587916907,0.9156668147
-0.02888135655,0.9995828466

-0.3587331757,0.914657308
-0.03154184076,0.9995024324

-0.3586712741,0.9136412217
-0.03420210152,0.999414937

-0.3586059689,0.9126185495
-0.03686211996,0.9993203611

-0.358537243,0.9115892851
-0.03952187724,0.9992187054

-0.3584650789,0.9105534224
-0.04218135453,0.9991099706

-0.358389459,0.9095109553
-0.04484053298,0.9989941574

-0.3583103655,0.9084618779
-0.04749939375,0.9988712668

-0.3582277803,0.9074061841
-0.050157918,0.9987412995

-0.358141685,0.9063438682
-0.05281608691,0.9986042564

-0.3580520613,0.9052749245
-0.05547388163,0.9984601386

-0.3579588903,0.9041993474
-0.05813128333,0.9983089471

-0.3578621531,0.9031171313
-0.0607882732,0.9981506829

-0.3577618305,0.9020282709
-0.0634448324,0.9979853472

-0.3576579031,0.9009327611
-0.06610094212,0.9978129411

-0.3575503512,0.8998305967
-0.06875658354,0.9976334659

-0.357439155,0.8987217728
-0.07141173785,0.9974469227

-0.3573242944,0.8976062846
-0.07406638622,0.9972533131

-0.357205749,0.8964841275
-0.07672050986,0.9970526382

-0.3570834983,0.8953552972
-0.07937408997,0.9968448996

-0.3569575215,0.8942197893
-0.08202710774,0.9966300987

-0.3568277977,0.8930775999
-0.08467954437,0.996408237

-0.3566943056,0.8919287252
-0.08733138108,0.9961793161

-0.3565570237,0.8907731614
-0.08998259908,0.9959433377

-0.3564159304,0.8896109053
-0.09263317959,0.9957003033

-0.3562710039,0.8884419538
-0.09528310382,0.9954502148

-0.356122222,0.8872663039
-0.097932353,0.9951930738

-0.3559695625,0.886083953
-0.1005809084,0.9949288823

-0.3558130028,0.8848948989
-0.1032287512,0.9946576421

-0.3556525203,0.8836991394
-0.1058758626,0.994379355

-0.3554880921,0.8824966729
-0.108522224,0.9940940232

-0.3553196952,0.8812874979
-0.1111678165,0.9938016485

-0.3551473063,0.8800716133
-0.1138126214,0.9935022331

-0.354970902,0.8788490184
-0.11645662,0.9931957791

-0.3547904587,0.8776197127
-0.1190997936,0.9928822887

-0.3546059529,0.8763836964
-0.1217421234,0.992561764

-0.3544173605,0.8751409696
-0.1243835906,0.9922342074

-0.3542246577,0.8738915332
-0.1270241767,0.9918996212

-0.3540278205,0.8726353883
-0.1296638628,0.9915580077

-0.3538268245,0.8713725366
-0.1323026304,0.9912093694

-0.3536216457,0.8701029799
-0.1349404606,0.9908537087

-0.3534122597,0.8688267209
-0.1375773348,0.9904910282

-0.3531986422,0.8675437623
-0.1402132343,0.9901213304

-0.3529807689,0.8662541078
-0.1428481404,0.989744618

-0.3527586153,0.864957761
-0.1454820346,0.9893608935

-0.3525321571,0.8636547265
-0.148114898,0.9889701598

-0.3523013702,0.8623450091
-0.1507467121,0.9885724196

-0.3520662302,0.8610286143
-0.1533774582,0.9881676757

-0.351826713,0.8597055479
-0.1560071177,0.987755931

-0.3515827948,0.8583758166
-0.1586356719,0.9873371884

-0.3513344518,0.8570394273
-0.1612631023,0.9869114509

-0.3510816602,0.8556963877
-0.1638893901,0.9864787214

-0.3508243968,0.8543467058
-0.1665145169,0.9860390031

-0.3505626385,0.8529903903
-0.169138464,0.9855922991

-0.3502963626,0.8516274506
-0.1717612128,0.9851386125

-0.3500255466,0.8502578964
-0.1743827447,0.9846779465

-0.3497501685,0.8488817382
-0.1770030411,0.9842103045

-0.3494702067,0.8474989868
-0.1796220836,0.9837356896

-0.3491856403,0.8461096537
-0.1822398535,0.9832541054

-0.3488964486,0.8447137509
-0.1848563323,0.9827655552

-0.3486026117,0.843311291
-0.1874715015,0.9822700424

-0.3483041104,0.8419022869
-0.1900853425,0.9817675705

-0.348000926,0.8404867521
-0.1926978368,0.9812581432

-0.3476930407,0.8390647006
-0.1953089659,0.9807417641

-0.3473804375,0.8376361467
-0.1979187114,0.9802184367

-0.3470631003,0.8362011052
-0.2005270546,0.9796881649

-0.3467410137,0.8347595913
-0.2031339772,0.9791509523

-0.3464141636,0.8333116202
-0.2057394606,0.9786068027

-0.3460825368,0.8318572079
-0.2083434865,0.9780557201

-0.345746121,0.83039637
-0.2109460363,0.9774977083

-0.3454049055,0.8289291228
-0.2135470916,0.9769327713

-0.3450588804,0.8274554823
-0.2161466341,0.9763609131

-0.3447080373,0.8259754647
-0.2187446452,0.9757821377

-0.344352369,0.8244890862
-0.2213411066,0.9751964492

-0.3439918698,0.8229963628
-0.2239359998,0.9746038518

-0.3436265353,0.8214973102
-0.2265293066,0.9740043497

-0.3432563626,0.8199919439
-0.2291210085,0.9733979471

-0.3428813503,0.8184802791
-0.2317110871,0.9727846484

-0.3425014987,0.8169623303
-0.2342995242,0.9721644578

-0.3421168093,0.8154381116
-0.2368863013,0.9715373798

-0.3417272856,0.8139076362
-0.2394714001,0.9709034187

-0.3413329324,0.8123709167
-0.2420548024,0.9702625792

-0.3409337564,0.8108279645
-0.2446364898,0.9696148657

-0.3405297657,0.8092787903
-0.2472164441,0.9689602829

-0.3401209701,0.8077234032
-0.2497946469,0.9682988353

-0.3397073811,0.8061618113
-0.25237108,0.9676305276

-0.3392890116,0.8045940214
-0.2549457252,0.9669553646

-0.3388658764,0.8030200384
-0.2575185642,0.9662733511

-0.3384379916,0.8014398657
-0.2600895787,0.9655844919

-0.3380053747,0.7998535051
-0.2626587506,0.9648887919

-0.3375680448,0.7982609564
-0.2652260616,0.964186256

-0.3371260224,0.7966622171
-0.2677914936,0.9634768892

-0.3366793293,0.7950572831
-0.2703550284,0.9627606964

-0.3362279882,0.7934461477
-0.2729166479,0.9620376829

-0.3357720234,0.791828802
-0.2754763338,0.9613078537

-0.33531146,0.7902052348
-0.278034068,0.9605712139

-0.3348463239,0.7885754322
-0.2805898325,0.9598277689

-0.3343766421,0.7869393779
-0.2831436092,0.9590775238

-0.3339024422,0.785297053
-0.2856953798,0.958320484

-0.3334237522,0.7836484358
-0.2882451264,0.9575566548

-0.3329406009,0.781993502
-0.2907928309,0.9567860417

-0.3324530171,0.7803322245
-0.2933384752,0.95600865

-0.3319610301,0.7786645733
-0.2958820413,0.9552244855

-0.3314646691,0.7769905158
-0.2984235112,0.9544335535

-0.3309639633,0.7753100166
-0.3009628669,0.9536358596

-0.3304589415,0.7736230373
-0.3035000904,0.9528314096

-0.3299496327,0.771929537
-0.3060351636,0.9520202091

-0.3294360649,0.7702294719
-0.3085680688,0.9512022639

-0.3289182658,0.7685227957
-0.3110987878,0.9503775798

-0.3283962625,0.7668094592
-0.3136273028,0.9495461626

-0.327870081,0.7650894109
-0.3161535959,0.9487080182

-0.3273397468,0.7633625964
-0.3186776491,0.9478631526

-0.326805284,0.7616289593
-0.3211994446,0.9470115716

-0.3262667158,0.7598884406
-0.3237189645,0.9461532814

-0.3257240643,0.758140979
-0.326236191,0.9452882881

-0.3251773501,0.7563865111
-0.3287511063,0.9444165978

-0.3246265925,0.7546249713
-0.3312636924,0.9435382165

-0.3240718096,0.7528562922
-0.3337739317,0.9426531507

-0.3235130177,0.7510804042
-0.3362818063,0.9417614065

-0.3229502319,0.749297236
-0.3387872984,0.9408629902

-0.3223834655,0.7475067149
-0.3412903904,0.9399579083

-0.3218127303,0.7457087661
-0.3437910645,0.9390461671

-0.3212380365,0.7439033137
-0.3462893029,0.9381277731

-0.3206593925,0.7420902802
-0.3487850879,0.9372027328

-0.3200768053,0.7402695868
-0.351278402,0.9362710528

-0.31949028,0.7384411534
-0.3537692274,0.9353327396

-0.3188998201,0.736604899
-0.3562575464,0.9343877999

-0.3183054274,0.7347607414
-0.3587433415,0.9334362404

-0.3177071021,0.7329085975
-0.361226595,0.9324780679

-0.3171048426,0.7310483832
-0.3637072894,0.931513289

-0.3164986459,0.7291800137
-0.366185407,0.9305419108

-0.3158885072,0.7273034034
-0.3686609304,0.9295639399

-0.3152744201,0.7254184662
-0.3711338419,0.9285793835

-0.3146563767,0.723525115
-0.373604124,0.9275882484

-0.3140343675,0.7216232627
-0.3760717593,0.9265905416

-0.3134083817,0.7197128211
-0.3785367303,0.9255862703

-0.3127784066,0.717793702
-0.3809990195,0.9245754416

-0.3121444284,0.7158658165
-0.3834586094,0.9235580625

-0.3115064319,0.7139290754
-0.3859154826,0.9225341404

-0.3108644002,0.7119833893
-0.3883696218,0.9215036825

-0.3102183153,0.7100286682
-0.3908210095,0.920466696

-0.309568158,0.7080648219
-0.3932696284,0.9194231884

-0.3089139075,0.7060917601
-0.3957154612,0.918373167

-0.3082555419,0.7041093921
-0.3981584904,0.9173166392

-0.3075930383,0.7021176268
-0.4005986988,0.9162536126

-0.3069263723,0.7001163731
-0.4030360691,0.9151840946

-0.3062555185,0.6981055396
-0.4054705841,0.9141080929

-0.3055804504,0.6960850345
-0.4079022264,0.913025615

-0.3049011404,0.6940547659
-0.4103309789,0.9119366687

-0.3042175599,0.6920146418
-0.4127568243,0.9108412617

-0.3035296792,0.6899645696
-0.4151797455,0.9097394016

-0.3028374676,0.6879044568
-0.4175997253,0.9086310964

-0.3021408935,0.6858342104
-0.4200167466,0.9075163539

-0.3014399241,0.6837537371
-0.4224307922,0.9063951819

-0.3007345262,0.6816629436
-0.424841845,0.9052675885

-0.3000246651,0.6795617359
-0.427249888,0.9041335815

-0.2993103055,0.6774500198
-0.429654904,0.9029931691

-0.2985914113,0.675327701
-0.4320568761,0.9018463593

-0.2978679454,0.6731946844
-0.4344557873,0.9006931602

-0.2971398698,0.6710508747
-0.4368516204,0.8995335801

-0.296407146,0.6688961762
-0.4392443587,0.8983676271

-0.2956697342,0.6667304928
-0.441633985,0.8971953094

-0.2949275943,0.6645537276
-0.4440204825,0.8960166355

-0.2941806849,0.6623657835
-0.4464038343,0.8948316136

-0.2934289643,0.6601665627
-0.4487840235,0.8936402521

-0.2926723896,0.6579559669
-0.4511610332,0.8924425595

-0.2919109174,0.6557338971
-0.4535348466,0.8912385443

-0.2911445034,0.6535002537
-0.4559054469,0.890028215

-0.2903731025,0.6512549364
-0.4582728173,0.8888115801

-0.289596669,0.6489978442
-0.4606369409,0.8875886484

-0.2888151562,0.6467288753
-0.4629978011,0.8863594283

-0.2880285167,0.644447927
-0.4653553811,0.8851239288

-0.2872367025,0.6421548961
-0.4677096642,0.8838821584

-0.2864396645,0.6398496782
-0.4700606338,0.8826341261

-0.2856373531,0.637532168
-0.4724082732,0.8813798406

-0.2848297177,0.6352022595
-0.4747525657,0.8801193108

-0.2840167071,0.6328598454
-0.4770934948,0.8788525458

-0.283198269,0.6305048175
-0.4794310439,0.8775795543

-0.2823743505,0.6281370665
-0.4817651963,0.8763003456

-0.2815448979,0.625756482
-0.4840959356,0.8750149285

-0.2807098565,0.6233629524
-0.4864232453,0.8737233123

-0.2798691708,0.6209563647
-0.4887471088,0.8724255061

-0.2790227845,0.6185366049
-0.4910675097,0.871121519

-0.2781706402,0.6161035574
-0.4933844316,0.8698113604

-0.2773126799,0.6136571056
-0.495697858,0.8684950394

-0.2764488444,0.611197131
-0.4980077726,0.8671725655

-0.2755790737,0.6087235139
-0.500314159,0.865843948

-0.2747033069,0.6062361331
-0.5026170009,0.8645091963

-0.2738214818,0.6037348657
-0.5049162819,0.8631683198

-0.2729335356,0.6012195871
-0.5072119857,0.8618213281

-0.2720394041,0.5986901712
-0.5095040961,0.8604682307

-0.2711390224,0.5961464898
-0.5117925969,0.8591090372

-0.2702323242,0.5935884133
-0.5140774717,0.8577437572

-0.2693192423,0.5910158099
-0.5163587046,0.8563724004

-0.2683997083,0.5884285459
-0.5186362792,0.8549949765

-0.2674736525,0.5858264856
-0.5209101795,0.8536114953

-0.2665410042,0.5832094914
-0.5231803893,0.8522219666

-0.2656016913,0.5805774231
-0.5254468925,0.8508264001

-0.2646556406,0.5779301388
-0.5277096732,0.8494248059

-0.2637027774,0.5752674938
-0.5299687152,0.8480171938

-0.2627430258,0.5725893414
-0.5322240026,0.8466035737

-0.2617763084,0.5698955323
-0.5344755193,0.8451839559

-0.2608025466,0.5671859147
-0.5367232495,0.8437583501

-0.2598216601,0.5644603339
-0.5389671772,0.8423267667

-0.2588335671,0.561718633
-0.5412072865,0.8408892156

-0.2578381844,0.5589606518
-0.5434435616,0.8394457072

-0.2568354271,0.5561862276
-0.5456759865,0.8379962516

-0.2558252086,0.5533951944
-0.5479045456,0.8365408591

-0.2548074408,0.5505873834
-0.5501292229,0.83507954

-0.2537820336,0.5477626224
-0.5523500028,0.8336123046

-0.2527488951,0.5449207359
-0.5545668694,0.8321391635

-0.2517079317,0.5420615451
-0.5567798071,0.8306601269

-0.2506590478,0.5391848677
-0.5589888003,0.8291752053

-0.2496021457,0.5362905177
-0.5611938332,0.8276844094

-0.2485371257,0.5333783053
-0.5633948903,0.8261877496

-0.2474638859,0.5304480369
-0.5655919559,0.8246852366

-0.2463823224,0.5274995149
-0.5677850145,0.8231768809

-0.2452923288,0.5245325373
-0.5699740505,0.8216626934

-0.2441937963,0.521546898
-0.5721590485,0.8201426847

-0.2430866138,0.5185423866
-0.5743399929,0.8186168655

-0.2419706677,0.5155187878
-0.5765168684,0.8170852468

-0.2408458415,0.5124758816
-0.5786896594,0.8155478392

-0.2397120164,0.5094134432
-0.5808583506,0.8140046539

-0.2385690703,0.5063312425
-0.5830229267,0.8124557016

-0.2374168786,0.5032290443
-0.5851833722,0.8109009933

-0.2362553135,0.5001066076
-0.5873396719,0.8093405401

-0.2350842438,0.4969636861
-0.5894918105,0.807774353

-0.2339035356,0.4938000274
-0.5916397728,0.8062024431

-0.232713051,0.4906153728
-0.5937835436,0.8046248215

-0.231512649,0.4874094575
-0.5959231075,0.8030414995

-0.2303021848,0.4841820101
-0.5980584496,0.8014524882

-0.2290815097,0.4809327522
-0.6001895547,0.7998577989

-0.2278504713,0.4776613983
-0.6023164076,0.7982574429

-0.2266089127,0.4743676557
-0.6044389933,0.7966514315

-0.2253566731,0.4710512237
-0.6065572968,0.7950397762

-0.224093587,0.4677117939
-0.6086713031,0.7934224882

-0.2228194843,0.4643490495
-0.6107809971,0.7917995792

-0.2215341901,0.460962665
-0.612886364,0.7901710605

-0.2202375244,0.4575523058
-0.6149873888,0.7885369437

-0.2189293018,0.4541176281
-0.6170840566,0.7868972405

-0.2176093317,0.4506582782
-0.6191763526,0.7852519624

-0.2162774175,0.4471738922
-0.621264262,0.783601121

-0.2149333566,0.4436640956
-0.6233477699,0.7819447281

-0.2135769401,0.4401285028
-0.6254268616,0.7802827954

-0.2122079528,0.4365667164
-0.6275015224,0.7786153347

-0.2108261722,0.4329783271
-0.6295717376,0.7769423577

-0.2094313688,0.4293629129
-0.6316374925,0.7752638764

-0.2080233055,0.4257200383
-0.6336987724,0.7735799027

-0.2066017373,0.4220492541
-0.6357555629,0.7718904484

-0.2051664109,0.4183500965
-0.6378078492,0.7701955255

-0.203717064,0.4146220864
-0.6398556169,0.7684951461

-0.2022534256,0.4108647288
-0.6418988514,0.7667893221

-0.2007752144,0.4070775118
-0.6439375383,0.7650780658

-0.1992821395,0.4032599058
-0.6459716632,0.7633613891

-0.1977738989,0.3994113628
-0.6480012116,0.7616393043

-0.1962501794,0.3955313152
-0.6500261691,0.7599118235

-0.194710656,0.3916191748
-0.6520465214,0.7581789591

-0.1931549908,0.3876743319
-0.6540622542,0.7564407232

-0.191582833,0.3836961538
-0.6560733532,0.7546971282

-0.1899938172,0.3796839839
-0.6580798041,0.7529481864

-0.1883875636,0.3756371398
-0.6600815928,0.7511939103

-0.1867636762,0.3715549126
-0.6620787051,0.7494343122

-0.1851217424,0.3674365645
-0.6640711267,0.7476694047

-0.1834613317,0.363281328
-0.6660588437,0.7458992001

-0.1817819946,0.3590884031
-0.6680418418,0.7441237112

-0.1800832616,0.354856956
-0.6700201072,0.7423429504

-0.1783646414,0.3505861169
-0.6719936256,0.7405569304

-0.1766256201,0.3462749774
-0.6739623833,0.7387656637

-0.174865659,0.3419225882
-0.6759263661,0.7369691632

-0.1730841931,0.3375279562
-0.6778855603,0.7351674416

-0.1712806296,0.3330900418
-0.6798399519,0.7333605115

-0.1694543453,0.3286077554
-0.681789527,0.7315483859

-0.1676046845,0.3240799538
-0.6837342719,0.7297310774

-0.1657309568,0.3195054366
-0.6856741729,0.7279085991

-0.1638324341,0.3148829419
-0.687609216,0.7260809639

-0.1619083478,0.3102111411
-0.6895393877,0.7242481846

-0.1599578852,0.3054886346
-0.6914646742,0.7224102742

-0.157980186,0.3007139452
-0.693385062,0.7205672459

-0.1559743383,0.2958855126
-0.6953005374,0.7187191125

-0.153939374,0.2910016857
-0.6972110868,0.7168658873

-0.1518742635,0.2860607153
-0.6991166967,0.7150075834

-0.1497779103,0.2810607452
-0.7010173537,0.7131442139

-0.1476491442,0.2759998025
-0.7029130442,0.711275792

-0.1454867145,0.2708757867
-0.7048037548,0.709402331

-0.1432892818,0.2656864575
-0.7066894721,0.7075238442

-0.1410554082,0.2604294207
-0.7085701827,0.7056403447

-0.1387835474,0.2551021128
-0.7104458735,0.7037518461

-0.1364720323,0.2497017827
-0.7123165309,0.7018583616

-0.1341190608,0.2442254718
-0.7141821418,0.6999599048

-0.1317226805,0.2386699901
-0.7160426931,0.6980564889

-0.1292807694,0.2330318891
-0.7178981714,0.6961481276

-0.1267910145,0.227307431
-0.7197485636,0.6942348343

-0.1242508865,0.2214925517
-0.7215938567,0.6923166226

-0.1216576096,0.2155828182
-0.7234340376,0.6903935061

-0.119008126,0.2095733786
-0.7252690932,0.6884654984

-0.1162990536,0.2034589019
-0.7270990105,0.6865326132

-0.1135266345,0.1972335072
-0.7289237766,0.6845948641

-0.1106866728,0.1908906775
-0.7307433785,0.6826522649

-0.1077744589,0.1844231557
-0.7325578033,0.6807048294

-0.1047846749,0.1778228169
-0.7343670383,0.6787525713

-0.1017112772,0.1710805104
-0.7361710705,0.6767955045

-0.09854734712,0.1641858621
-0.7379698872,0.6748336429

-0.09528490009,0.1571270236
-0.7397634757,0.6728670003

-0.09191463677,0.1498903502
-0.7415518232,0.6708955906

-0.08842561383,0.1424599799
-0.7433349171,0.6689194279

-0.0848047996,0.1348172743
-0.7451127447,0.6669385262

-0.08103646132,0.1269400593
-0.7468852934,0.6649528994

-0.07710129812,0.1188015704
-0.7486525508,0.6629625617

-0.07297517728,0.1103689455
-0.7504145042,0.6609675272

-0.06862722552,0.1016009989
-0.7521711411,0.6589678099

-0.06401681888,0.09244480046
-0.7539224492,0.656963424

-0.05908857558,0.08283015138
-0.7556684161,0.6549543838

-0.05376343965,0.07266008914
-0.7574090293,0.6529407035

-0.04792130521,0.06179316723
-0.7591442765,0.6509223974

-0.0413626141,0.05000640189
-0.7608741455,0.6488994797

-0.03370561332,0.03690345111
-0.7625986239,0.6468719647

-0.02400045327,0.021610117
-0.7643176996,0.6448398669

