0.01659235172,0
1,0

0.02350989565,0.02281002831
0.9999964577,0.002661696857

0.02455317208,0.04115318418
0.9999858307,0.005323374857

0.02386902762,0.05678820898
0.9999681193,0.007985015143

0.02242868013,0.07068359228
0.9999433234,0.01064659886

0.02058873397,0.08334651614
0.9999114432,0.01330810715

0.01851469535,0.09507662516
0.9998724791,0.01596952115

0.01629491585,0.1060676395
0.9998264312,0.01863082202

0.01398114593,0.1164532482
0.9997732999,0.02129199089

0.01160575829,0.1263303261
0.9997130855,0.02395300892

0.009190015425,0.1357717677
0.9996457886,0.02661385724

0.006748412484,0.1448340889
0.9995714095,0.02927451702

0.004291122235,0.1535621848
0.9994899488,0.0319349694

0.001825449291,0.1619924444
0.9994014071,0.03459519553

-0.0006432654008,0.1701548648
0.9993057849,0.03725517657

-0.003111060778,0.1780745335
0.9992030831,0.03991489367

-0.005574966943,0.1857726949
0.9990933022,0.04257432798

-0.00803273935,0.1932675345
0.9989764432,0.04523346067

-0.01048267283,0.2005747687
0.9988525067,0.0478922729

-0.01292346886,0.2077080951
0.9987214938,0.05055074583

-0.01535413914,0.2146795418
0.9985834052,0.05320886062

-0.01777393446,0.2214997424
0.998438242,0.05586659845

-0.02018229157,0.2281781553
0.9982860053,0.05852394048

-0.0225787929,0.23472324
0.9981266961,0.0611808679

-0.02496313573,0.2411426007
0.9979603155,0.06383736186

-0.02733510844,0.2474431045
0.9977868647,0.06649340357

-0.02969457192,0.2536309788
0.9976063449,0.06914897419

-0.032041445,0.2597118934
0.9974187574,0.07180405491

-0.03437569288,0.2656910282
0.9972241036,0.07445862693

-0.03669731799,0.2715731321
0.9970223849,0.07711267144

-0.03900635259,0.2773625721
0.9968136025,0.07976616963

-0.04130285285,0.2830633756
0.9965977581,0.0824191027

-0.04358689404,0.2886792666
0.9963748532,0.08507145187

-0.04585856666,0.2942136976
0.9961448893,0.08772319833

-0.04811797323,0.2996698771
0.9959078681,0.09037432331

-0.05036522572,0.305050793
0.9956637912,0.09302480802

-0.05260044342,0.3103592339
0.9954126604,0.09567463368

-0.05482375115,0.3155978075
0.9951544774,0.09832378152

-0.05703527787,0.320768957
0.9948892442,0.1009722328

-0.05923515548,0.3258749754
0.9946169625,0.1036199687

-0.0614235178,0.3309180182
0.9943376343,0.1062669705

-0.06360049985,0.3359001152
0.9940512616,0.1089132194

-0.06576623707,0.3408231805
0.9937578464,0.1115586967

-0.0679208649,0.3456890219
0.9934573907,0.1142033837

-0.07006451823,0.3504993486
0.9931498968,0.1168472615

-0.07219733107,0.3552557795
0.9928353667,0.1194903116

-0.07431943628,0.3599598492
0.9925138028,0.1221325151

-0.07643096526,0.3646130144
0.9921852073,0.1247738533

-0.07853204784,0.3692166596
0.9918495825,0.1274143076

-0.08062281204,0.3737721018
0.9915069307,0.1300538591

-0.082703384,0.3782805951
0.9911572546,0.1326924893

-0.08477388789,0.3827433353
0.9908005564,0.1353301794

-0.08683444581,0.3871614633
0.9904368387,0.1379669108

-0.08888517776,0.3915360687
0.9900661042,0.1406026647

-0.0909262016,0.3958681932
0.9896883554,0.1432374225

-0.09295763302,0.4001588335
0.989303595,0.1458711655

-0.09497958557,0.4044089439
0.9889118258,0.148503875

-0.0969921706,0.408619439
0.9885130504,0.1511355325

-0.09899549732,0.4127911958
0.9881072718,0.1537661192

-0.1009896728,0.4169250563
0.9876944928,0.1563956165

-0.102974802,0.4210218289
0.9872747164,0.1590240058

-0.1049509878,0.4250822906
0.9868479454,0.1616512685

-0.106918331,0.4291071889
0.986414183,0.164277386

-0.1088769302,0.433097243
0.9859734322,0.1669023396

-0.1108268824,0.4370531455
0.9855256962,0.1695261107

-0.1127682822,0.4409755637
0.985070978,0.1721486809

-0.1147012226,0.4448651409
0.9846092809,0.1747700314

-0.1166257946,0.448722498
0.9841406083,0.1773901437

-0.1185420873,0.4525482339
0.9836649634,0.1800089993

-0.120450188,0.4563429272
0.9831823495,0.1826265796

-0.1223501823,0.4601071368
0.9826927702,0.1852428661

-0.1242421541,0.463841403
0.9821962288,0.1878578401

-0.1261261856,0.4675462485
0.9816927289,0.1904714833

-0.1280023572,0.471222179
0.9811822741,0.193083777

-0.1298707478,0.474869684
0.980664868,0.1956947028

-0.1317314348,0.4784892376
0.9801405142,0.1983042422

-0.133584494,0.4820812992
0.9796092164,0.2009123767

-0.1354299998,0.4856463141
0.9790709785,0.2035190878

-0.1372680248,0.4891847141
0.9785258042,0.206124357

-0.1390986406,0.4926969181
0.9779736974,0.2087281659

-0.1409219173,0.4961833328
0.977414662,0.211330496

-0.1427379234,0.4996443528
0.9768487019,0.2139313289

-0.1445467264,0.5030803615
0.9762758213,0.2165306463

-0.1463483922,0.5064917313
0.9756960241,0.2191284295

-0.1481429859,0.5098788244
0.9751093144,0.2217246603

-0.1499305708,0.5132419927
0.9745156964,0.2243193203

-0.1517112095,0.5165815785
0.9739151743,0.2269123911

-0.1534849631,0.5198979149
0.9733077524,0.2295038542

-0.1552518918,0.5231913262
0.9726934349,0.2320936914

-0.1570120545,0.5264621277
0.9720722263,0.2346818843

-0.1587655091,0.529710627
0.9714441309,0.2372684146

-0.1605123125,0.5329371232
0.9708091531,0.2398532639

-0.1622525205,0.5361419083
0.9701672975,0.242436414

-0.1639861879,0.5393252664
0.9695185686,0.2450178464

-0.1657133685,0.5424874748
0.9688629711,0.247597543

-0.1674341152,0.5456288039
0.9682005094,0.2501754855

-0.16914848,0.5487495173
0.9675311885,0.2527516555

-0.1708565138,0.5518498724
0.9668550129,0.2553260349

-0.1725582667,0.5549301203
0.9661719874,0.2578986054

-0.1742537882,0.5579905062
0.965482117,0.2604693488

-0.1759431265,0.5610312696
0.9647854066,0.2630382469

-0.1776263293,0.5640526442
0.9640818609,0.2656052814

-0.1793034433,0.5670548586
0.9633714851,0.2681704342

-0.1809745145,0.5700381359
0.9626542841,0.2707336871

-0.1826395882,0.5730026944
0.9619302631,0.2732950219

-0.1842987088,0.5759487473
0.9611994271,0.2758544206

-0.18595192,0.5788765033
0.9604617814,0.2784118649

-0.1875992648,0.5817861664
0.9597173311,0.2809673368

-0.1892407855,0.5846779361
0.9589660816,0.2835208181

-0.1908765238,0.5875520077
0.9582080382,0.2860722908

-0.1925065205,0.5904085722
0.9574432062,0.2886217368

-0.1941308159,0.5932478168
0.956671591,0.291169138

-0.1957494497,0.5960699245
0.9558931982,0.2937144763

-0.1973624608,0.5988750747
0.9551080332,0.2962577338

-0.1989698877,0.601663443
0.9543161017,0.2987988924

-0.2005717682,0.6044352015
0.9535174091,0.3013379341

-0.2021681393,0.6071905186
0.9527119612,0.303874841

-0.2037590378,0.6099295596
0.9518997637,0.306409595

-0.2053444997,0.6126524864
0.9510808223,0.3089421782

-0.2069245605,0.6153594576
0.9502551428,0.3114725727

-0.2084992551,0.6180506288
0.9494227311,0.3140007605

-0.2100686181,0.6207261527
0.9485835932,0.3165267237

-0.2116326832,0.6233861787
0.9477377348,0.3190504444

-0.2131914839,0.6260308538
0.946885162,0.3215719048

-0.2147450531,0.6286603219
0.9460258809,0.3240910869

-0.2162934232,0.6312747243
0.9451598976,0.326607973

-0.2178366262,0.6338741996
0.9442872181,0.3291225452

-0.2193746935,0.636458884
0.9434078487,0.3316347856

-0.2209076562,0.6390289111
0.9425217956,0.3341446766

-0.2224355448,0.6415844119
0.941629065,0.3366522003

-0.2239583895,0.6441255154
0.9407296634,0.3391573388

-0.2254762199,0.646652348
0.939823597,0.3416600746

-0.2269890653,0.6491650339
0.9389108723,0.3441603899

-0.2284969546,0.6516636952
0.9379914957,0.3466582669

-0.2299999162,0.6541484517
0.9370654738,0.3491536879

-0.2314979782,0.6566194214
0.9361328132,0.3516466353

-0.2329911683,0.65907672
0.9351935203,0.3541370914

-0.2344795137,0.6615204613
0.934247602,0.3566250386

-0.2359630413,0.6639507571
0.9332950648,0.3591104592

-0.2374417777,0.6663677175
0.9323359156,0.3615933357

-0.2389157491,0.6687714505
0.9313701612,0.3640736504

-0.2403849812,0.6711620625
0.9303978082,0.3665513858

-0.2418494996,0.673539658
0.9294188638,0.3690265242

-0.2433093293,0.67590434
0.9284333348,0.3714990483

-0.2447644952,0.6782562095
0.9274412281,0.3739689404

-0.2462150218,0.6805953661
0.9264425509,0.3764361831

-0.2476609331,0.6829219077
0.9254373101,0.3789007589

-0.2491022529,0.6852359307
0.9244255129,0.3813626503

-0.2505390049,0.6875375299
0.9234071666,0.3838218398

-0.2519712122,0.6898267986
0.9223822782,0.3862783102

-0.2533988977,0.6921038288
0.921350855,0.3887320439

-0.2548220839,0.6943687108
0.9203129045,0.3911830235

-0.2562407933,0.6966215337
0.9192684338,0.3936312318

-0.2576550479,0.6988623851
0.9182174504,0.3960766513

-0.2590648694,0.7010913514
0.9171599618,0.3985192648

-0.2604702792,0.7033085177
0.9160959755,0.4009590549

-0.2618712987,0.7055139675
0.9150254989,0.4033960044

-0.2632679486,0.7077077835
0.9139485397,0.4058300959

-0.2646602498,0.7098900469
0.9128651055,0.4082613123

-0.2660482225,0.7120608377
0.911775204,0.4106896363

-0.2674318871,0.7142202348
0.9106788429,0.4131150507

-0.2688112633,0.7163683158
0.90957603,0.4155375383

-0.270186371,0.7185051575
0.908466773,0.417957082

-0.2715572294,0.7206308353
0.9073510799,0.4203736646

-0.2729238578,0.7227454235
0.9062289585,0.422787269

-0.2742862752,0.7248489955
0.9051004168,0.4251978781

-0.2756445003,0.7269416235
0.9039654628,0.4276054749

-0.2769985516,0.7290233789
0.9028241045,0.4300100422

-0.2783484474,0.7310943319
0.90167635,0.432411563

-0.2796942057,0.7331545519
0.9005222075,0.4348100204

-0.2810358445,0.735204107
0.8993616851,0.4372053973

-0.2823733813,0.7372430647
0.898194791,0.4395976768

-0.2837068336,0.7392714915
0.8970215336,0.4419868418

-0.2850362186,0.7412894528
0.895841921,0.4443728755

-0.2863615534,0.7432970134
0.8946559618,0.4467557611

-0.2876828548,0.7452942371
0.8934636642,0.4491354815

-0.2890001393,0.7472811867
0.8922650368,0.4515120199

-0.2903134236,0.7492579243
0.891060088,0.4538853596

-0.2916227238,0.7512245112
0.8898488263,0.4562554836

-0.2929280559,0.7531810079
0.8886312604,0.4586223752

-0.294229436,0.755127474
0.8874073988,0.4609860177

-0.2955268796,0.7570639684
0.8861772503,0.4633463942

-0.2968204023,0.7589905492
0.8849408236,0.4657034881

-0.2981100195,0.7609072737
0.8836981273,0.4680572826

-0.2993957463,0.7628141985
0.8824491704,0.4704077611

-0.3006775978,0.7647113797
0.8811939616,0.472754907

-0.3019555887,0.7665988722
0.8799325099,0.4750987035

-0.3032297338,0.7684767307
0.8786648241,0.4774391342

-0.3045000476,0.7703450088
0.8773909134,0.4797761823

-0.3057665444,0.7722037598
0.8761107866,0.4821098314

-0.3070292384,0.774053036
0.8748244529,0.484440065

-0.3082881436,0.7758928893
0.8735319214,0.4867668664

-0.309543274,0.7777233708
0.8722332013,0.4890902193

-0.3107946432,0.7795445311
0.8709283016,0.4914101072

-0.3120422649,0.78135642
0.8696172318,0.4937265135

-0.3132861525,0.7831590869
0.868300001,0.4960394221

-0.3145263192,0.7849525804
0.8669766186,0.4983488163

-0.3157627783,0.7867369487
0.8656470941,0.5006546799

-0.3169955426,0.7885122393
0.8643114367,0.5029569966

-0.3182246252,0.7902784991
0.8629696559,0.50525575

-0.3194500387,0.7920357745
0.8616217614,0.5075509239

-0.3206717957,0.7937841115
0.8602677625,0.5098425019

-0.3218899086,0.7955235553
0.858907669,0.5121304679

-0.3231043899,0.7972541507
0.8575414904,0.5144148056

-0.3243152516,0.7989759419
0.8561692365,0.5166954988

-0.3255225059,0.8006889727
0.8547909169,0.5189725315

-0.3267261647,0.8023932863
0.8534065414,0.5212458874

-0.3279262398,0.8040889254
0.8520161198,0.5235155505

-0.3291227429,0.8057759323
0.850619662,0.5257815047

-0.3303156856,0.8074543487
0.8492171778,0.5280437339

-0.3315050793,0.8091242159
0.8478086773,0.5303022221

-0.3326909354,0.8107855746
0.8463941703,0.5325569533

-0.333873265,0.8124384654
0.8449736669,0.5348079115

-0.3350520794,0.8140829279
0.8435471772,0.5370550808

-0.3362273894,0.8157190017
0.8421147113,0.5392984452

-0.3373992059,0.8173467258
0.8406762793,0.5415379889

-0.3385675397,0.8189661388
0.8392318914,0.543773696

-0.3397324014,0.8205772787
0.8377815578,0.5460055507

-0.3408938016,0.8221801833
0.8363252889,0.5482335371

-0.3420517508,0.8237748898
0.8348630948,0.5504576395

-0.3432062592,0.8253614353
0.8333949861,0.5526778421

-0.3443573371,0.8269398562
0.8319209731,0.5548941291

-0.3455049945,0.8285101885
0.8304410662,0.557106485

-0.3466492416,0.830072468
0.8289552759,0.5593148939

-0.3477900882,0.83162673
0.8274636128,0.5615193403

-0.3489275442,0.8331730094
0.8259660874,0.5637198085

-0.3500616192,0.8347113409
0.8244627103,0.5659162829

-0.3511923229,0.8362417585
0.8229534922,0.5681087481

-0.3523196648,0.8377642961
0.8214384438,0.5702971884

-0.3534436544,0.8392789872
0.8199175757,0.5724815883

-0.354564301,0.840785865
0.8183908989,0.5746619325

-0.3556816138,0.8422849621
0.816858424,0.5768382053

-0.356795602,0.8437763111
0.815320162,0.5790103915

-0.3579062746,0.845259944
0.8137761238,0.5811784755

-0.3590136407,0.8467358925
0.8122263202,0.5833424422

-0.3601177091,0.8482041881
0.8106707623,0.585502276

-0.3612184886,0.8496648619
0.809109461,0.5876579618

-0.3623159879,0.8511179447
0.8075424276,0.5898094842

-0.3634102156,0.852563467
0.8059696729,0.5919568281

-0.3645011804,0.8540014588
0.8043912083,0.5940999781

-0.3655888905,0.8554319501
0.8028070448,0.5962389192

-0.3666733545,0.8568549704
0.8012171938,0.5983736361

-0.3677545807,0.8582705489
0.7996216664,0.6005041138

-0.3688325771,0.8596787147
0.798020474,0.602630337

-0.369907352,0.8610794962
0.7964136278,0.6047522909

-0.3709789134,0.862472922
0.7948011394,0.6068699604

-0.3720472693,0.8638590201
0.7931830201,0.6089833303

-0.3731124275,0.8652378184
0.7915592814,0.6110923859

-0.374174396,0.8666093443
0.7899299347,0.613197112

-0.3752331824,0.8679736251
0.7882949917,0.6152974939

-0.3762887945,0.8693306878
0.7866544639,0.6173935166

-0.3773412397,0.8706805591
0.785008363,0.6194851653

-0.3783905257,0.8720232656
0.7833567005,0.6215724252

-0.3794366599,0.8733588333
0.7816994882,0.6236552815

-0.3804796496,0.8746872883
0.7800367379,0.6257337194

-0.3815195023,0.8760086562
0.7783684613,0.6278077241

-0.382556225,0.8773229626
0.7766946702,0.6298772811

-0.383589825,0.8786302325
0.7750153765,0.6319423757

-0.3846203094,0.8799304911
0.7733305921,0.6340029931

-0.3856476852,0.8812237628
0.771640329,0.6360591189

-0.3866719593,0.8825100724
0.769944599,0.6381107384

-0.3876931388,0.883789444
0.7682434143,0.6401578371

-0.3887112303,0.8850619016
0.7665367868,0.6422004005

-0.3897262407,0.886327469
0.7648247287,0.6442384142

-0.3907381766,0.8875861698
0.7631072521,0.6462718637

-0.3917470447,0.8888380274
0.7613843691,0.6483007346

-0.3927528516,0.8900830648
0.759656092,0.6503250125

-0.3937556038,0.8913213049
0.757922433,0.652344683

-0.3947553077,0.8925527705
0.7561834044,0.654359732

-0.3957519697,0.893777484
0.7544390186,0.656370145

-0.3967455961,0.8949954677
0.7526892877,0.6583759079

-0.3977361933,0.8962067437
0.7509342244,0.6603770064

-0.3987237673,0.8974113337
0.7491738409,0.6623734264

-0.3997083243,0.8986092595
0.7474081499,0.6643651538

-0.4006898705,0.8998005426
0.7456371637,0.6663521743

-0.4016684118,0.9009852041
0.7438608949,0.6683344739

-0.4026439543,0.9021632651
0.7420793561,0.6703120387

-0.4036165038,0.9033347465
0.74029256,0.6722848545

-0.4045860661,0.9044996689
0.7385005191,0.6742529075

-0.4055526472,0.905658053
0.7367032463,0.6762161836

-0.4065162526,0.9068099189
0.7349007542,0.6781746689

-0.4074768882,0.9079552867
0.7330930555,0.6801283496

-0.4084345595,0.9090941765
0.7312801632,0.6820772119

-0.4093892722,0.9102266079
0.72946209,0.6840212418

-0.4103410317,0.9113526005
0.7276388488,0.6859604258

-0.4112898435,0.9124721738
0.7258104526,0.6878947499

-0.4122357131,0.9135853469
0.7239769142,0.6898242006

-0.4131786457,0.9146921389
0.7221382468,0.6917487641

-0.4141186468,0.9157925687
0.7202944632,0.6936684268

-0.4150557216,0.916886655
0.7184455766,0.6955831751

-0.4159898752,0.9179744163
0.7165916001,0.6974929954

-0.416921113,0.9190558711
0.7147325468,0.6993978743

-0.4178494399,0.9201310375
0.7128684298,0.7012977982

-0.418774861,0.9211999335
0.7109992625,0.7031927536

-0.4196973814,0.9222625772
0.709125058,0.7050827272

-0.420617006,0.9233189862
0.7072458295,0.7069677055

-0.4215337397,0.924369178
0.7053615905,0.7088476752

-0.4224475874,0.9254131702
0.7034723543,0.7107226229

-0.4233585539,0.92645098
0.7015781342,0.7125925355

-0.424266644,0.9274826245
0.6996789437,0.7144573996

-0.4251718625,0.9285081207
0.6977747961,0.716317202

-0.4260742139,0.9295274854
0.6958657052,0.7181719295

-0.4269737029,0.9305407353
0.6939516842,0.7200215691

-0.4278703342,0.9315478869
0.6920327469,0.7218661076

-0.4287641122,0.9325489566
0.6901089067,0.7237055319

-0.4296550415,0.9335439607
0.6881801774,0.725539829

-0.4305431265,0.9345329152
0.6862465725,0.7273689859

-0.4314283716,0.9355158361
0.6843081059,0.7291929897

-0.4323107812,0.9364927392
0.6823647912,0.7310118274

-0.4331903595,0.9374636402
0.6804166421,0.7328254861

-0.434067111,0.9384285547
0.6784636726,0.7346339531

-0.4349410398,0.9393874981
0.6765058964,0.7364372154

-0.43581215,0.9403404857
0.6745433273,0.7382352603

-0.436680446,0.9412875326
0.6725759794,0.7400280751

-0.4375459317,0.9422286539
0.6706038665,0.741815647

-0.4384086112,0.9431638644
0.6686270027,0.7435979635

-0.4392684886,0.9440931789
0.6666454018,0.7453750118

-0.4401255678,0.9450166121
0.664659078,0.7471467794

-0.4409798528,0.9459341784
0.6626680453,0.7489132538

-0.4418313475,0.9468458923
0.6606723179,0.7506744223

-0.4426800557,0.9477517681
0.6586719098,0.7524302726

-0.4435259813,0.9486518198
0.6566668353,0.7541807922

-0.444369128,0.9495460615
0.6546571086,0.7559259687

-0.4452094996,0.9504345072
0.6526427438,0.7576657898

-0.4460470998,0.9513171706
0.6506237552,0.759400243

-0.4468819323,0.9521940653
0.6486001573,0.7611293162

-0.4477140006,0.953065205
0.6465719642,0.762852997

-0.4485433085,0.9539306031
0.6445391904,0.7645712733

-0.4493698593,0.9547902728
0.6425018503,0.7662841329

-0.4501936567,0.9556442275
0.6404599583,0.7679915636

-0.4510147041,0.9564924802
0.6384135289,0.7696935534

-0.451833005,0.957335044
0.6363625765,0.7713900902

-0.4526485627,0.9581719316
0.6343071157,0.773081162

-0.4534613806,0.959003156
0.6322471611,0.7747667567

-0.4542714621,0.9598287296
0.6301827272,0.7764468625

-0.4550788104,0.9606486652
0.6281138287,0.7781214675

-0.4558834287,0.9614629751
0.6260404803,0.7797905597

-0.4566853204,0.9622716718
0.6239626966,0.7814541274

-0.4574844886,0.9630747674
0.6218804923,0.7831121588

-0.4582809364,0.9638722741
0.6197938822,0.7847646421

-0.4590746669,0.9646642039
0.6177028811,0.7864115657

-0.4598656833,0.9654505689
0.6156075038,0.7880529178

-0.4606539886,0.9662313807
0.6135077652,0.7896886868

-0.4614395857,0.9670066512
0.6114036801,0.7913188612

-0.4622224777,0.967776392
0.6092952633,0.7929434293

-0.4630026674,0.9685406146
0.60718253,0.7945623797

-0.4637801579,0.9692993305
0.605065495,0.796175701

-0.4645549519,0.9700525511
0.6029441733,0.7977833816

-0.4653270523,0.9708002876
0.6008185799,0.7993854102

-0.466096462,0.9715425511
0.59868873,0.8009817754

-0.4668631836,0.9722793527
0.5965546386,0.802572466

-0.4676272199,0.9730107034
0.5944163208,0.8041574706

-0.4683885737,0.9737366141
0.5922737917,0.8057367781

-0.4691472476,0.9744570956
0.5901270667,0.8073103772

-0.4699032442,0.9751721585
0.5879761608,0.8088782568

-0.4706565661,0.9758818135
0.5858210892,0.8104404058

-0.471407216,0.9765860711
0.5836618674,0.8119968131

-0.4721551964,0.9772849417
0.5814985105,0.8135474677

-0.4729005097,0.9779784357
0.5793310339,0.8150923587

-0.4736431585,0.9786665633
0.577159453,0.8166314749

-0.4743831452,0.9793493347
0.5749837831,0.8181648057

-0.4751204723,0.98002676
0.5728040396,0.81969234

-0.475855142,0.9806988492
0.570620238,0.8212140671

-0.4765871569,0.9813656122
0.5684323938,0.8227299762

-0.4773165191,0.9820270589
0.5662405224,0.8242400565

-0.478043231,0.9826831989
0.5640446395,0.8257442974

-0.4787672949,0.9833340419
0.5618447604,0.8272426882

-0.479488713,0.9839795976
0.5596409009,0.8287352183

-0.4802074874,0.9846198755
0.5574330766,0.8302218771

-0.4809236204,0.9852548849
0.555221303,0.831702654

-0.4816371142,0.9858846352
0.5530055959,0.8331775387

-0.4823479707,0.9865091357
0.5507859709,0.8346465205

-0.4830561922,0.9871283956
0.5485624439,0.8361095892

-0.4837617806,0.987742424
0.5463350304,0.8375667344

-0.484464738,0.9883512298
0.5441037464,0.8390179457

-0.4851650664,0.9889548221
0.5418686075,0.8404632129

-0.4858627677,0.9895532097
0.5396296298,0.8419025256

-0.4865578439,0.9901464015
0.5373868289,0.8433358738

-0.4872502969,0.9907344062
0.5351402209,0.8447632473

-0.4879401286,0.9913172323
0.5328898216,0.8461846359

-0.4886273408,0.9918948886
0.5306356469,0.8476000296

-0.4893119353,0.9924673834
0.5283777129,0.8490094184

-0.4899939139,0.9930347253
0.5261160355,0.8504127922

-0.4906732785,0.9935969226
0.5238506308,0.8518101412

-0.4913500306,0.9941539836
0.5215815148,0.8532014554

-0.4920241722,0.9947059164
0.5193087035,0.8545867249

-0.4926957047,0.9952527293
0.5170322132,0.8559659401

-0.4933646299,0.9957944303
0.5147520598,0.857339091

-0.4940309494,0.9963310275
0.5124682596,0.8587061679

-0.4946946648,0.9968625286
0.5101808288,0.8600671613

-0.4953557777,0.9973889417
0.5078897835,0.8614220614

-0.4960142895,0.9979102746
0.50559514,0.8627708586

-0.4966702019,0.9984265348
0.5032969145,0.8641135434

-0.4973235163,0.9989377302
0.5009951234,0.8654501062

-0.4979742341,0.9994438683
0.4986897829,0.8667805376

-0.4986223569,0.9999449566
0.4963809093,0.8681048283

-0.4992678859,1.000441003
0.4940685191,0.8694229687

-0.4999108226,1.000932014
0.4917526286,0.8707349495

-0.5005511683,1.001417997
0.4894332542,0.8720407615

-0.5011889244,1.00189896
0.4871104123,0.8733403954

-0.5018240921,1.00237491
0.4847841194,0.874633842

-0.5024566727,1.002845855
0.482454392,0.8759210921

-0.5030866675,1.0033118
0.4801212465,0.8772021367

-0.5037140777,1.003772753
0.4777846996,0.8784769666

-0.5043389044,1.004228721
0.4754447678,0.8797455728

-0.5049611489,1.004679712
0.4731014676,0.8810079463

-0.5055808122,1.005125731
0.4707548156,0.8822640781

-0.5061978955,1.005566785
0.4684048285,0.8835139595

-0.5068123998,1.006002882
0.466051523,0.8847575815

-0.5074243263,1.006434028
0.4636949156,0.8859949352

-0.5080336759,1.006860229
0.4613350231,0.8872260121

-0.5086404497,1.007281492
0.4589718622,0.8884508032

-0.5092446486,1.007697823
0.4566054497,0.8896693

-0.5098462736,1.008109229
0.4542358022,0.8908814938

-0.5104453256,1.008515716
0.4518629367,0.892087376

-0.5110418055,1.008917291
0.4494868699,0.8932869381

-0.5116357142,1.009313959
0.4471076187,0.8944801716

-0.5122270526,1.009705728
0.4447251998,0.895667068

-0.5128158214,1.010092602
0.4423396302,0.8968476189

-0.5134020215,1.010474588
0.4399509268,0.898021816

-0.5139856537,1.010851692
0.4375591065,0.8991896509

-0.5145667186,1.011223919
0.4351641863,0.9003511154

-0.515145217,1.011591277
0.4327661831,0.9015062012

-0.5157211497,1.01195377
0.4303651138,0.9026549002

-0.5162945172,1.012311405
0.4279609956,0.9037972041

-0.5168653203,1.012664186
0.4255538455,0.904933105

-0.5174335595,1.01301212
0.4231436804,0.9060625948

-0.5179992354,1.013355213
0.4207305176,0.9071856654

-0.5185623486,1.013693469
0.418314374,0.908302309

-0.5191228997,1.014026895
0.4158952668,0.9094125176

-0.5196808892,1.014355495
0.4134732131,0.9105162832

-0.5202363175,1.014679276
0.4110482301,0.9116135983

-0.5207891852,1.014998242
0.408620335,0.9127044548

-0.5213394926,1.015312399
0.4061895449,0.9137888452

-0.5218872402,1.015621751
0.4037558772,0.9148667617

-0.5224324284,1.015926305
0.401319349,0.9159381967

-0.5229750576,1.016226066
0.3988799776,0.9170031426

-0.523515128,1.016521037
0.3964377802,0.9180615918

-0.5240526401,1.016811225
0.3939927742,0.919113537

-0.524587594,1.017096634
0.391544977,0.9201589705

-0.5251199901,1.01737727
0.3890944058,0.921197885

-0.5256498287,1.017653136
0.386641078,0.9222302732

-0.5261771098,1.017924238
0.3841850109,0.9232561277

-0.5267018338,1.018190581
0.3817262221,0.9242754413

-0.5272240007,1.01845217
0.3792647288,0.9252882067

-0.5277436108,1.018709008
0.3768005487,0.9262944168

-0.5282606641,1.018961101
0.374333699,0.9272940644

-0.5287751607,1.019208453
0.3718641973,0.9282871424

-0.5292871008,1.019451069
0.369392061,0.9292736439

-0.5297964842,1.019688952
0.3669173078,0.9302535618

-0.5303033111,1.019922109
0.3644399551,0.9312268892

-0.5308075814,1.020150542
0.3619600204,0.9321936192

-0.5313092952,1.020374257
0.3594775214,0.9331537449

-0.5318084522,1.020593257
0.3569924756,0.9341072595

-0.5323050526,1.020807546
0.3545049007,0.9350541564

-0.532799096,1.02101713
0.3520148142,0.9359944287

-0.5332905825,1.021222011
0.3495222338,0.9369280698

-0.5337795118,1.021422195
0.3470271772,0.9378550732

-0.5342658838,1.021617685
0.344529662,0.9387754321

-0.5347496982,1.021808484
0.342029706,0.9396891402

-0.5352309548,1.021994598
0.3395273268,0.9405961909

-0.5357096534,1.02217603
0.3370225421,0.9414965778

-0.5361857936,1.022352783
0.3345153698,0.9423902946

-0.5366593752,1.022524862
0.3320058276,0.9432773349

-0.5371303977,1.02269227
0.3294939332,0.9441576923

-0.5375988609,1.022855011
0.3269797044,0.9450313608

-0.5380647644,1.023013088
0.3244631592,0.945898334

-0.5385281077,1.023166506
0.3219443152,0.9467586059

-0.5389888903,1.023315268
0.3194231904,0.9476121704

-0.5394471119,1.023459376
0.3168998025,0.9484590213

-0.539902772,1.023598836
0.3143741696,0.9492991528

-0.5403558699,1.02373365
0.3118463094,0.9501325588

-0.5408064052,1.023863821
0.3093162399,0.9509592335

-0.5412543773,1.023989353
0.306783979,0.9517791709

-0.5416997856,1.02411025
0.3042495446,0.9525923654

-0.5421426295,1.024226513
0.3017129548,0.9533988111

-0.5425829083,1.024338148
0.2991742274,0.9541985022

-0.5430206214,1.024445156
0.2966333805,0.9549914333

-0.543455768,1.024547541
0.294090432,0.9557775985

-0.5438883475,1.024645307
0.2915454,0.9565569924

-0.544318359,1.024738455
0.2889983025,0.9573296095

-0.5447458019,1.024826989
0.2864491576,0.9580954442

-0.5451706752,1.024910912
0.2838979832,0.9588544911

-0.5455929782,1.024990227
0.2813447976,0.9596067449

-0.54601271,1.025064937
0.2787896187,0.9603522002

-0.5464298698,1.025135044
0.2762324647,0.9610908518

-0.5468444565,1.025200552
0.2736733537,0.9618226944

-0.5472564693,1.025261462
0.2711123039,0.9625477228

-0.5476659073,1.025317779
0.2685493332,0.9632659319

-0.5480727693,1.025369503
0.26598446,0.9639773166

-0.5484770545,1.025416639
0.2634177024,0.9646818719

-0.5488787617,1.025459188
0.2608490786,0.9653795928

-0.5492778899,1.025497153
0.2582786068,0.9660704743

-0.5496744379,1.025530536
0.2557063051,0.9667545115

-0.5500684048,1.025559341
0.2531321919,0.9674316996

-0.5504597892,1.025583569
0.2505562853,0.9681020338

-0.55084859,1.025603222
0.2479786036,0.9687655094

-0.5512348061,1.025618303
0.2453991651,0.9694221216

-0.5516184361,1.025628815
0.242817988,0.9700718657

-0.5519994788,1.025634759
0.2402350906,0.9707147373

-0.552377933,1.025636138
0.2376504913,0.9713507317

-0.5527537972,1.025632953
0.2350642082,0.9719798444

-0.5531270702,1.025625208
0.2324762599,0.972602071

-0.5534977505,1.025612903
0.2298866645,0.9732174071

-0.5538658368,1.025596042
0.2272954404,0.9738258483

-0.5542313276,1.025574625
0.2247026061,0.9744273902

-0.5545942215,1.025548655
0.2221081798,0.9750220287

-0.554954517,1.025518134
0.2195121799,0.9756097595

-0.5553122125,1.025483063
0.2169146249,0.9761905785

-0.5556673065,1.025443445
0.2143155332,0.9767644815

-0.5560197974,1.025399282
0.211714923,0.9773314644

-0.5563696836,1.025350574
0.209112813,0.9778915234

-0.5567169635,1.025297324
0.2065092214,0.9784446543

-0.5570616355,1.025239533
0.2039041669,0.9789908532

-0.5574036977,1.025177203
0.2012976677,0.9795301164

-0.5577431485,1.025110336
0.1986897424,0.98006244

-0.5580799861,1.025038933
0.1960804095,0.9805878202

-0.5584142088,1.024962995
0.1934696874,0.9811062532

-0.5587458147,1.024882524
0.1908575946,0.9816177355

-0.5590748019,1.024797522
0.1882441497,0.9821222633

-0.5594011687,1.024707989
0.1856293711,0.9826198332

-0.559724913,1.024613928
0.1830132774,0.9831104415

-0.560046033,1.024515339
0.1803958872,0.9835940849

-0.5603645266,1.024412224
0.1777772189,0.9840707599

-0.560680392,1.024304583
0.1751572911,0.9845404631

-0.5609936269,1.024192419
0.1725361224,0.9850031911

-0.5613042294,1.024075732
0.1699137313,0.9854589408

-0.5616121974,1.023954523
0.1672901364,0.9859077088

-0.5619175288,1.023828794
0.1646653564,0.986349492

-0.5622202213,1.023698545
0.1620394097,0.9867842873

-0.5625202727,1.023563778
0.1594123151,0.9872120916

-0.562817681,1.023424493
0.1567840911,0.9876329018

-0.5631124437,1.023280691
0.1541547563,0.988046715

-0.5634045586,1.023132373
0.1515243294,0.9884535283

-0.5636940234,1.02297954
0.148892829,0.9888533387

-0.5639808357,1.022822193
0.1462602738,0.9892461434

-0.5642649931,1.022660333
0.1436266823,0.9896319397

-0.5645464931,1.022493959
0.1409920733,0.9900107248

-0.5648253334,1.022323074
0.1383564655,0.990382496

-0.5651015114,1.022147677
0.1357198774,0.9907472508

-0.5653750246,1.021967769
0.1330823278,0.9911049864

-0.5656458704,1.021783351
0.1304438353,0.9914557004

-0.5659140463,1.021594423
0.1278044187,0.9917993903

-0.5661795494,1.021400986
0.1251640967,0.9921360536

-0.5664423773,1.02120304
0.1225228879,0.992465688

-0.5667025272,1.021000585
0.1198808111,0.9927882912

-0.5669599963,1.020793623
0.1172378849,0.9931038608

-0.5672147819,1.020582152
0.1145941282,0.9934123946

-0.5674668811,1.020366174
0.1119495596,0.9937138905

-0.5677162911,1.020145689
0.1093041979,0.9940083462

-0.5679630089,1.019920697
0.1066580619,0.9942957597

-0.5682070317,1.019691198
0.1040111701,0.9945761291

-0.5684483564,1.019457192
0.1013635415,0.9948494522

-0.5686869802,1.019218679
0.09871519482,0.9951157271

-0.5689228998,1.01897566
0.09606614874,0.995374952

-0.5691561122,1.018728135
0.09341642206,0.995627125

-0.5693866144,1.018476102
0.09076603356,0.9958722444

-0.569614403,1.018219564
0.08811500202,0.9961103084

-0.569839475,1.017958518
0.08546334621,0.9963413152

-0.570061827,1.017692966
0.08281108492,0.9965652634

-0.5702814559,1.017422906
0.08015823695,0.9967821512

-0.5704983581,1.017148339
0.07750482108,0.9969919773

-0.5707125304,1.016869265
0.07485085612,0.9971947399

-0.5709239694,1.016585683
0.07219636087,0.9973904378

-0.5711326716,1.016297593
0.06954135414,0.9975790696

-0.5713386334,1.016004994
0.06688585472,0.9977606338

-0.5715418514,1.015707887
0.06422988145,0.9979351293

-0.571742322,1.01540627
0.06157345313,0.9981025548

-0.5719400415,1.015100143
0.05891658858,0.9982629091

-0.5721350063,1.014789506
0.05625930663,0.998416191

-0.5723272126,1.014474358
0.05360162611,0.9985623995

-0.5725166567,1.014154699
0.05094356583,0.9987015335

-0.5727033347,1.013830528
0.04828514464,0.9988335921

-0.5728872428,1.013501843
0.04562638137,0.9989585744

-0.5730683771,1.013168646
0.04296729485,0.9990764793

-0.5732467336,1.012830934
0.04030790392,0.9991873062

-0.5734223083,1.012488707
0.03764822742,0.9992910542

-0.5735950973,1.012141964
0.0349882842,0.9993877225

-0.5737650963,1.011790704
0.0323280931,0.9994773106

-0.5739323013,1.011434927
0.02966767297,0.9995598177

-0.5740967079,1.011074631
0.02700704265,0.9996352433

-0.5742583121,1.010709816
0.024346221,0.9997035868

-0.5744171095,1.01034048
0.02168522686,0.9997648478

-0.5745730956,1.009966622
0.01902407909,0.9998190258

-0.5747262663,1.009588242
0.01636279654,0.9998661205

-0.5748766168,1.009205338
0.01370139807,0.9999061314

-0.5750241429,1.008817908
0.01103990253,0.9999390584

-0.5751688398,1.008425953
0.00837832877,0.9999649012

-0.575310703,1.00802947
0.005716695657,0.9999836596

-0.5754497278,1.007628458
0.003055022043,0.9999953334

-0.5755859095,1.007222916
0.0003933267848,0.9999999226

-0.5757192432,1.006812843
-0.00226837126,0.9999974272

-0.5758497242,1.006398236
-0.004930053234,0.9999878472

-0.5759773475,1.005979096
-0.00759170028,0.9999711826

-0.5761021082,1.005555419
-0.01025329354,0.9999474336

-0.5762240012,1.005127205
-0.01291481416,0.9999166003

-0.5763430214,1.004694453
-0.01557624329,0.999878683

-0.5764591638,1.004257159
-0.01823756206,0.9998336818

-0.5765724231,1.003815324
-0.02089875162,0.9997815972

-0.576682794,1.003368945
-0.02355979313,0.9997224296

-0.5767902711,1.00291802
-0.02622066772,0.9996561792

-0.5768948492,1.002462547
-0.02888135655,0.9995828466

-0.5769965227,1.002002526
-0.03154184076,0.9995024324

-0.5770952861,1.001537954
-0.03420210152,0.999414937

-0.5771911338,1.001068829
-0.03686211996,0.9993203611

-0.5772840601,1.000595149
-0.03952187724,0.9992187054

-0.5773740594,1.000116912
-0.04218135453,0.9991099706

-0.5774611257,0.9996341169
-0.04484053298,0.9989941574

-0.5775452532,0.9991467608
-0.04749939375,0.9988712668

-0.5776264359,0.998654842
-0.050157918,0.9987412995

-0.5777046679,0.9981583582
-0.05281608691,0.9986042564

-0.577779943,0.9976573073
-0.05547388163,0.9984601386

-0.5778522551,0.9971516872
-0.05813128333,0.9983089471

-0.5779215979,0.9966414955
-0.0607882732,0.9981506829

-0.577987965,0.9961267301
-0.0634448324,0.9979853472

-0.5780513501,0.9956073886
-0.06610094212,0.9978129411

-0.5781117467,0.9950834687
-0.06875658354,0.9976334659

-0.5781691482,0.9945549679
-0.07141173785,0.9974469227

-0.5782235479,0.9940218839
-0.07406638622,0.9972533131

-0.5782749391,0.9934842142
-0.07672050986,0.9970526382

-0.578323315,0.9929419563
-0.07937408997,0.9968448996

-0.5783686687,0.9923951076
-0.08202710774,0.9966300987

-0.5784109931,0.9918436655
-0.08467954437,0.996408237

-0.5784502812,0.9912876275
-0.08733138108,0.9961793161

-0.5784865258,0.9907269908
-0.08998259908,0.9959433377

-0.5785197197,0.9901617527
-0.09263317959,0.9957003033

-0.5785498553,0.9895919105
-0.09528310382,0.9954502148

-0.5785769253,0.9890174615
-0.097932353,0.9951930738

-0.5786009222,0.9884384028
-0.1005809084,0.9949288823

-0.5786218382,0.9878547314
-0.1032287512,0.9946576421

-0.5786396655,0.9872664446
-0.1058758626,0.994379355

-0.5786543964,0.9866735394
-0.108522224,0.9940940232

-0.5786660228,0.9860760128
-0.1111678165,0.9938016485

-0.5786745366,0.9854738618
-0.1138126214,0.9935022331

-0.5786799297,0.9848670833
-0.11645662,0.9931957791

-0.5786821938,0.9842556742
-0.1190997936,0.9928822887

-0.5786813203,0.9836396314
-0.1217421234,0.992561764

-0.5786773009,0.9830189517
-0.1243835906,0.9922342074

-0.5786701268,0.9823936318
-0.1270241767,0.9918996212

-0.5786597893,0.9817636687
-0.1296638628,0.9915580077

-0.5786462795,0.9811290588
-0.1323026304,0.9912093694

-0.5786295883,0.980489799
-0.1349404606,0.9908537087

-0.5786097067,0.9798458858
-0.1375773348,0.9904910282

-0.5785866253,0.9791973158
-0.1402132343,0.9901213304

-0.5785603347,0.9785440856
-0.1428481404,0.989744618

-0.5785308255,0.9778861917
-0.1454820346,0.9893608935

-0.5784980878,0.9772236306
-0.148114898,0.9889701598

-0.5784621119,0.9765563987
-0.1507467121,0.9885724196

-0.5784228878,0.9758844924
-0.1533774582,0.9881676757

-0.5783804055,0.975207908
-0.1560071177,0.987755931

-0.5783346545,0.974526642
-0.1586356719,0.9873371884

-0.5782856246,0.9738406905
-0.1612631023,0.9869114509

-0.5782333052,0.9731500499
-0.1638893901,0.9864787214

-0.5781776854,0.9724547163
-0.1665145169,0.9860390031

-0.5781187545,0.971754686
-0.169138464,0.9855922991

-0.5780565013,0.971049955
-0.1717612128,0.9851386125

-0.5779909146,0.9703405195
-0.1743827447,0.9846779465

-0.577921983,0.9696263756
-0.1770030411,0.9842103045

-0.5778496949,0.9689075193
-0.1796220836,0.9837356896

-0.5777740385,0.9681839466
-0.1822398535,0.9832541054

-0.5776950019,0.9674556534
-0.1848563323,0.9827655552

-0.5776125728,0.9667226358
-0.1874715015,0.9822700424

-0.577526739,0.9659848895
-0.1900853425,0.9817675705

-0.5774374878,0.9652424106
-0.1926978368,0.9812581432

-0.5773448066,0.9644951947
-0.1953089659,0.9807417641

-0.5772486823,0.9637432378
-0.1979187114,0.9802184367

-0.5771491017,0.9629865356
-0.2005270546,0.9796881649

-0.5770460514,0.9622250838
-0.2031339772,0.9791509523

-0.5769395178,0.9614588781
-0.2057394606,0.9786068027

-0.576829487,0.9606879144
-0.2083434865,0.9780557201

-0.5767159448,0.9599121881
-0.2109460363,0.9774977083

-0.5765988769,0.959131695
-0.2135470916,0.9769327713

-0.5764782686,0.9583464306
-0.2161466341,0.9763609131

-0.5763541051,0.9575563906
-0.2187446452,0.9757821377

-0.5762263711,0.9567615704
-0.2213411066,0.9751964492

-0.5760950514,0.9559619656
-0.2239359998,0.9746038518

-0.57596013,0.9551575718
-0.2265293066,0.9740043497

-0.5758215911,0.9543483844
-0.2291210085,0.9733979471

-0.5756794182,0.9535343989
-0.2317110871,0.9727846484

-0.5755335949,0.9527156107
-0.2342995242,0.9721644578

-0.5753841041,0.9518920153
-0.2368863013,0.9715373798

-0.5752309286,0.9510636081
-0.2394714001,0.9709034187

-0.5750740507,0.9502303845
-0.2420548024,0.9702625792

-0.5749134526,0.9493923398
-0.2446364898,0.9696148657

-0.5747491159,0.9485494696
-0.2472164441,0.9689602829

-0.5745810218,0.9477017691
-0.2497946469,0.9682988353

-0.5744091515,0.9468492337
-0.25237108,0.9676305276

-0.5742334854,0.9459918587
-0.2549457252,0.9669553646

-0.5740540036,0.9451296397
-0.2575185642,0.9662733511

-0.5738706859,0.9442625718
-0.2600895787,0.9655844919

-0.5736835115,0.9433906505
-0.2626587506,0.9648887919

-0.5734924594,0.9425138711
-0.2652260616,0.964186256

-0.5732975078,0.941632229
-0.2677914936,0.9634768892

-0.5730986347,0.9407457196
-0.2703550284,0.9627606964

-0.5728958176,0.9398543384
-0.2729166479,0.9620376829

-0.5726890332,0.9389580807
-0.2754763338,0.9613078537

-0.572478258,0.938056942
-0.278034068,0.9605712139

-0.5722634678,0.9371509177
-0.2805898325,0.9598277689

-0.5720446379,0.9362400034
-0.2831436092,0.9590775238

-0.5718217429,0.9353241946
-0.2856953798,0.958320484

-0.5715947569,0.9344034869
-0.2882451264,0.9575566548

-0.5713636533,0.9334778759
-0.2907928309,0.9567860417

-0.5711284049,0.9325473573
-0.2933384752,0.95600865

-0.5708889839,0.9316119269
-0.2958820413,0.9552244855

-0.5706453615,0.9306715803
-0.2984235112,0.9544335535

-0.5703975086,0.9297263135
-0.3009628669,0.9536358596

-0.5701453948,0.9287761225
-0.3035000904,0.9528314096

-0.5698889895,0.9278210032
-0.3060351636,0.9520202091

-0.5696282608,0.9268609518
-0.3085680688,0.9512022639

-0.5693631762,0.9258959645
-0.3110987878,0.9503775798

-0.5690937022,0.9249260376
-0.3136273028,0.9495461626

-0.5688198045,0.9239511676
-0.3161535959,0.9487080182

-0.5685414476,0.9229713511
-0.3186776491,0.9478631526

-0.5682585951,0.9219865848
-0.3211994446,0.9470115716

-0.5679712097,0.9209968656
-0.3237189645,0.9461532814

-0.5676792528,0.9200021905
-0.326236191,0.9452882881

-0.5673826848,0.9190025569
-0.3287511063,0.9444165978

-0.5670814646,0.917997962
-0.3312636924,0.9435382165

-0.5667755503,0.9169884036
-0.3337739317,0.9426531507

-0.5664648982,0.9159738796
-0.3362818063,0.9417614065

-0.5661494637,0.9149543881
-0.3387872984,0.9408629902

-0.5658292003,0.9139299275
-0.3412903904,0.9399579083

-0.5655040603,0.9129004966
-0.3437910645,0.9390461671

-0.5651739943,0.9118660943
-0.3462893029,0.9381277731

-0.5648389512,0.9108267201
-0.3487850879,0.9372027328

-0.5644988783,0.9097823737
-0.351278402,0.9362710528

-0.5641537209,0.9087330552
-0.3537692274,0.9353327396

-0.5638034223,0.9076787653
-0.3562575464,0.9343877999

-0.563447924,0.9066195051
-0.3587433415,0.9334362404

-0.5630871653,0.9055552761
-0.361226595,0.9324780679

-0.5627210829,0.9044860804
-0.3637072894,0.931513289

-0.5623496117,0.903411921
-0.366185407,0.9305419108

-0.5619726835,0.902332801
-0.3686609304,0.9295639399

-0.5615902278,0.9012487248
-0.3711338419,0.9285793835

-0.5612021712,0.9001596971
-0.373604124,0.9275882484

-0.5608084372,0.8990657238
-0.3760717593,0.9265905416

-0.5604089462,0.8979668114
-0.3785367303,0.9255862703

-0.5600036155,0.8968629676
-0.3809990195,0.9245754416

-0.5595923584,0.8957542011
-0.3834586094,0.9235580625

-0.5591750847,0.8946405218
-0.3859154826,0.9225341404

-0.5587517002,0.8935219409
-0.3883696218,0.9215036825

-0.5583221062,0.8923984709
-0.3908210095,0.920466696

-0.5578861998,0.8912701259
-0.3932696284,0.9194231884

-0.5574438729,0.8901369217
-0.3957154612,0.918373167

-0.5569950123,0.8889988759
-0.3981584904,0.9173166392

-0.5565394994,0.887856008
-0.4005986988,0.9162536126

-0.5560772095,0.8867083399
-0.4030360691,0.9151840946

-0.5556080117,0.8855558957
-0.4054705841,0.9141080929

-0.555131768,0.8843987023
-0.4079022264,0.913025615

-0.5546483334,0.8832367895
-0.4103309789,0.9119366687

-0.5541575548,0.8820701902
-0.4127568243,0.9108412617

-0.5536592707,0.8808989411
-0.4151797455,0.9097394016

-0.5531533104,0.8797230826
-0.4175997253,0.9086310964

-0.5526394933,0.8785426597
-0.4200167466,0.9075163539

-0.5521176281,0.8773577221
-0.4224307922,0.9063951819

-0.5515875121,0.8761683251
-0.424841845,0.9052675885

-0.5510489297,0.8749745298
-0.427249888,0.9041335815

-0.5505016521,0.8737764044
-0.429654904,0.9029931691

-0.5499454351,0.8725740242
-0.4320568761,0.9018463593

-0.5493800188,0.8713674735
-0.4344557873,0.9006931602

-0.5488051254,0.8701568459
-0.4368516204,0.8995335801

-0.5482204577,0.8689422458
-0.4392443587,0.8983676271

-0.5476256974,0.86772379
-0.441633985,0.8971953094

-0.547020503,0.866501609
-0.4440204825,0.8960166355

-0.5464045073,0.8652758493
-0.4464038343,0.8948316136

-0.5457773149,0.8640466752
-0.4487840235,0.8936402521

-0.5451384992,0.8628142718
-0.4511610332,0.8924425595

-0.5444875994,0.8615788481
-0.4535348466,0.8912385443

-0.5438241162,0.8603406403
-0.4559054469,0.890028215

-0.5431475081,0.8590999164
-0.4582728173,0.8888115801

-0.5424571861,0.8578569815
-0.4606369409,0.8875886484

-0.5417525088,0.8566121836
-0.4629978011,0.8863594283

-0.541032776,0.8553659212
-0.4653553811,0.8851239288

-0.5402972217,0.8541186526
-0.4677096642,0.8838821584

-0.539545006,0.8528709062
-0.4700606338,0.8826341261

-0.5387752068,0.8516232946
-0.4724082732,0.8813798406

-0.5379868092,0.8503765304
-0.4747525657,0.8801193108

-0.5371786944,0.8491314468
-0.4770934948,0.8788525458

-0.5363496276,0.8478890225
-0.4794310439,0.8775795543

-0.535498244,0.8466504134
-0.4817651963,0.8763003456

-0.5346230353,0.8454169922
-0.4840959356,0.8750149285

-0.5337223341,0.8441903974
-0.4864232453,0.8737233123

-0.5327943014,0.8429725971
-0.4887471088,0.8724255061

-0.5318369155,0.8417659684
-0.4910675097,0.871121519

-0.5308479684,0.8405733991
-0.4933844316,0.8698113604

-0.5298250742,0.8393984159
-0.495697858,0.8684950394

-0.5287657,0.8382453463
-0.4980077726,0.8671725655

-0.5276672345,0.837119518
-0.500314159,0.865843948

-0.526527119,0.8360274988
-0.5026170009,0.8645091963

-0.5253430768,0.8349773688
-0.5049162819,0.8631683198

-0.5241134904,0.8339789967
-0.5072119857,0.8618213281

-0.5228379875,0.8330442517
-0.5095040961,0.8604682307

-0.5215182848,0.8321870175
-0.5117925969,0.8591090372

-0.5201592773,0.8314227839
-0.5140774717,0.8577437572

-0.5187702012,0.8307675304
-0.5163587046,0.8563724004

-0.5173654363,0.8302356846
-0.5186362792,0.8549949765

-0.5159642664,0.829837308
-0.5209101795,0.8536114953

-0.5145890223,0.8295753114
-0.5231803893,0.8522219666

-0.5132617629,0.829443995
-0.5254468925,0.8508264001

-0.5120006607,0.8294298433
-0.5277096732,0.8494248059

-0.5108176067,0.8295142962
-0.5299687152,0.8480171938

-0.5097177781,0.8296771713
-0.5322240026,0.8466035737

-0.5087007845,0.8298994214
-0.5344755193,0.8451839559

-0.507762466,0.8301646745
-0.5367232495,0.8437583501

-0.5068965895,0.8304597019
-0.5389671772,0.8423267667

-0.5060961078,0.8307742352
-0.5412072865,0.8408892156

-0.5053539536,0.8311005026
-0.5434435616,0.8394457072

-0.5046634739,0.8314327107
-0.5456759865,0.8379962516

-0.5040186267,0.8317665796
-0.5479045456,0.8365408591

-0.5034140389,0.8320989636
-0.5501292229,0.83507954

-0.5028449875,0.8324275584
-0.5523500028,0.8336123046

-0.5023073473,0.8327506813
-0.5545668694,0.8321391635

-0.5017975239,0.8330671073
-0.5567798071,0.8306601269

-0.5013123868,0.8333759501
-0.5589888003,0.8291752053

-0.5008492056,0.8336765734
-0.5611938332,0.8276844094

-0.500405594,0.8339685269
-0.5633948903,0.8261877496

-0.4999794603,0.834251498
-0.5655919559,0.8246852366

-0.4995689654,0.8345252774
-0.5677850145,0.8231768809

-0.4991724869,0.8347897321
-0.5699740505,0.8216626934

-0.4987885883,0.8350447869
-0.5721590485,0.8201426847

-0.4984159936,0.8352904088
-0.5743399929,0.8186168655

-0.4980535656,0.8355265967
-0.5765168684,0.8170852468

-0.497700287,0.8357533727
-0.5786896594,0.8155478392

-0.497355245,0.8359707763
-0.5808583506,0.8140046539

-0.4970176183,0.8361788589
-0.5830229267,0.8124557016

-0.4966866652,0.8363776808
-0.5851833722,0.8109009933

-0.4963617142,0.8365673083
-0.5873396719,0.8093405401

-0.4960421557,0.8367478113
-0.5894918105,0.807774353

-0.4957274346,0.836919262
-0.5916397728,0.8062024431

-0.4954170445,0.8370817334
-0.5937835436,0.8046248215

-0.4951105219,0.8372352989
-0.5959231075,0.8030414995

-0.4948074418,0.8373800309
-0.5980584496,0.8014524882

-0.4945074137,0.8375160009
-0.6001895547,0.7998577989

-0.4942100777,0.8376432787
-0.6023164076,0.7982574429

-0.4939151018,0.8377619325
-0.6044389933,0.7966514315

-0.4936221789,0.8378720284
-0.6065572968,0.7950397762

-0.4933310246,0.8379736303
-0.6086713031,0.7934224882

-0.4930413747,0.8380668003
-0.6107809971,0.7917995792

-0.4927529837,0.8381515978
-0.612886364,0.7901710605

-0.492465623,0.8382280805
-0.6149873888,0.7885369437

-0.4921790793,0.8382963033
-0.6170840566,0.7868972405

-0.4918931531,0.8383563196
-0.6191763526,0.7852519624

-0.4916076581,0.8384081801
-0.621264262,0.783601121

-0.4913224195,0.8384519338
-0.6233477699,0.7819447281

-0.4910372734,0.8384876275
-0.6254268616,0.7802827954

-0.4907520657,0.8385153062
-0.6275015224,0.7786153347

-0.4904666515,0.8385350128
-0.6295717376,0.7769423577

-0.4901808944,0.8385467886
-0.6316374925,0.7752638764

-0.4898946655,0.838550673
-0.6336987724,0.7735799027

-0.4896078434,0.8385467038
-0.6357555629,0.7718904484

-0.4893203132,0.8385349171
-0.6378078492,0.7701955255

-0.4890319662,0.8385153475
-0.6398556169,0.7684951461

-0.4887426993,0.8384880281
-0.6418988514,0.7667893221

-0.4884524151,0.8384529905
-0.6439375383,0.7650780658

-0.4881610207,0.838410265
-0.6459716632,0.7633613891

-0.4878684281,0.8383598806
-0.6480012116,0.7616393043

-0.4875745537,0.8383018648
-0.6500261691,0.7599118235

-0.4872793176,0.8382362442
-0.6520465214,0.7581789591

-0.486982644,0.8381630441
-0.6540622542,0.7564407232

-0.4866844604,0.8380822885
-0.6560733532,0.7546971282

-0.4863846976,0.8379940006
-0.6580798041,0.7529481864

-0.4860832897,0.8378982023
-0.6600815928,0.7511939103

-0.4857801735,0.8377949148
-0.6620787051,0.7494343122

-0.4854752887,0.8376841581
-0.6640711267,0.7476694047

-0.4851685773,0.8375659513
-0.6660588437,0.7458992001

-0.4848599841,0.8374403127
-0.6680418418,0.7441237112

-0.4845494557,0.8373072597
-0.6700201072,0.7423429504

-0.4842369413,0.8371668089
-0.6719936256,0.7405569304

-0.4839223919,0.8370189762
-0.6739623833,0.7387656637

-0.4836057602,0.8368637765
-0.6759263661,0.7369691632

-0.4832870011,0.8367012241
-0.6778855603,0.7351674416

-0.482966071,0.8365313326
-0.6798399519,0.7333605115

-0.4826429279,0.8363541149
-0.681789527,0.7315483859

-0.4823175313,0.8361695832
-0.6837342719,0.7297310774

-0.4819898422,0.8359777492
-0.6856741729,0.7279085991

-0.481659823,0.8357786238
-0.687609216,0.7260809639

-0.4813274372,0.8355722174
-0.6895393877,0.7242481846

-0.4809926497,0.8353585397
-0.6914646742,0.7224102742

-0.4806554265,0.8351376
-0.693385062,0.7205672459

-0.4803157348,0.8349094071
-0.6953005374,0.7187191125

-0.4799735427,0.8346739689
-0.6972110868,0.7168658873

-0.4796288193,0.8344312933
-0.6991166967,0.7150075834

-0.4792815348,0.8341813873
-0.7010173537,0.7131442139

-0.4789316602,0.8339242575
-0.7029130442,0.711275792

-0.4785791672,0.8336599103
-0.7048037548,0.709402331

-0.4782240287,0.8333883513
-0.7066894721,0.7075238442

-0.4778662179,0.8331095858
-0.7085701827,0.7056403447

-0.4775057091,0.8328236187
-0.7104458735,0.7037518461

-0.4771424772,0.8325304545
-0.7123165309,0.7018583616

-0.4767764977,0.832230097
-0.7141821418,0.6999599048

-0.4764077468,0.83192255
-0.7160426931,0.6980564889

-0.4760362013,0.8316078168
-0.7178981714,0.6961481276

-0.4756618385,0.8312859
-0.7197485636,0.6942348343

-0.4752846364,0.8309568023
-0.7215938567,0.6923166226

-0.4749045733,0.8306205257
-0.7234340376,0.6903935061

-0.4745216284,0.8302770721
-0.7252690932,0.6884654984

-0.4741357809,0.8299264427
-0.7270990105,0.6865326132

-0.4737470107,0.8295686387
-0.7289237766,0.6845948641

-0.4733552983,0.8292036607
-0.7307433785,0.6826522649

-0.4729606243,0.8288315093
-0.7325578033,0.6807048294

-0.4725629698,0.8284521844
-0.7343670383,0.6787525713

-0.4721623164,0.8280656859
-0.7361710705,0.6767955045

-0.471758646,0.8276720131
-0.7379698872,0.6748336429

-0.4713519407,0.8272711652
-0.7397634757,0.6728670003

-0.4709421831,0.8268631411
-0.7415518232,0.6708955906

-0.4705293562,0.8264479393
-0.7433349171,0.6689194279

-0.470113443,0.826025558
-0.7451127447,0.6669385262

-0.469694427,0.8255959953
-0.7468852934,0.6649528994

-0.4692722919,0.8251592488
-0.7486525508,0.6629625617

-0.4688470218,0.8247153159
-0.7504145042,0.6609675272

-0.4684186009,0.8242641938
-0.7521711411,0.6589678099

-0.4679870136,0.8238058794
-0.7539224492,0.656963424

-0.4675522447,0.8233403691
-0.7556684161,0.6549543838

-0.467114279,0.8228676595
-0.7574090293,0.6529407035

-0.4666731018,0.8223877464
-0.7591442765,0.6509223974

-0.4662286983,0.8219006259
-0.7608741455,0.6488994797

-0.4657810541,0.8214062933
-0.7625986239,0.6468719647

-0.4653301548,0.8209047441
-0.7643176996,0.6448398669

-0.4648759863,0.8203959733
-0.7660313604,0.6428032007

-0.4644185346,0.8198799756
-0.7677395942,0.6407619804

-0.463957786,0.8193567457
-0.7694423887,0.6387162206

-0.4634937266,0.818826278
-0.7711397321,0.6366659356

-0.463026343,0.8182885664
-0.7728316122,0.6346111402

-0.4625556217,0.8177436048
-0.774518017,0.6325518487

-0.4620815495,0.8171913868
-0.7761989347,0.6304880758

-0.4616041131,0.8166319058
-0.7778743533,0.6284198362

-0.4611232996,0.8160651549
-0.7795442609,0.6263471444

-0.460639096,0.8154911271
-0.7812086457,0.6242700151

-0.4601514893,0.814909815
-0.782867496,0.6221884632

-0.4596604668,0.814321211
-0.7845207999,0.6201025032

-0.4591660159,0.8137253073
-0.7861685458,0.6180121501

-0.4586681239,0.813122096
-0.7878107219,0.6159174185

-0.4581667783,0.8125115687
-0.7894473167,0.6138183234

-0.4576619667,0.811893717
-0.7910783185,0.6117148797

-0.4571536765,0.8112685323
-0.7927037158,0.6096071021

-0.4566418957,0.8106360055
-0.7943234971,0.6074950057

-0.4561266117,0.8099961276
-0.7959376509,0.6053786054

-0.4556078125,0.8093488891
-0.7975461658,0.6032579162

-0.4550854857,0.8086942804
-0.7991490303,0.6011329531

-0.4545596194,0.8080322918
-0.8007462332,0.5990037313

-0.4540302014,0.8073629132
-0.802337763,0.5968702657

-0.4534972196,0.8066861343
-0.8039236086,0.5947325715

-0.452960662,0.8060019447
-0.8055037586,0.5925906638

-0.4524205166,0.8053103335
-0.807078202,0.5904445578

-0.4518767713,0.8046112899
-0.8086469275,0.5882942688

-0.4513294143,0.8039048027
-0.810209924,0.5861398118

-0.4507784336,0.8031908605
-0.8117671805,0.5839812023

-0.4502238172,0.8024694518
-0.8133186859,0.5818184555

-0.4496655532,0.8017405646
-0.8148644292,0.5796515868

-0.4491036296,0.8010041869
-0.8164043995,0.5774806114

-0.4485380346,0.8002603065
-0.8179385858,0.5753055447

-0.4479687562,0.7995089108
-0.8194669774,0.5731264022

-0.4473957825,0.7987499871
-0.8209895633,0.5709431994

-0.4468191015,0.7979835224
-0.8225063328,0.5687559516

-0.4462387013,0.7972095035
-0.8240172752,0.5665646743

-0.4456545698,0.7964279171
-0.8255223797,0.5643693832

-0.4450666952,0.7956387494
-0.8270216356,0.5621700937

-0.4444750654,0.7948419867
-0.8285150324,0.5599668214

-0.4438796683,0.7940376147
-0.8300025595,0.557759582

-0.443280492,0.7932256192
-0.8314842063,0.555548391

-0.4426775243,0.7924059856
-0.8329599623,0.5533332642

-0.4420707531,0.7915786991
-0.8344298171,0.5511142172

-0.4414601662,0.7907437446
-0.8358937602,0.5488912657

-0.4408457516,0.7899011068
-0.8373517814,0.5466644256

-0.4402274968,0.7890507704
-0.8388038702,0.5444337125

-0.4396053898,0.7881927194
-0.8402500164,0.5421991423

-0.438979418,0.7873269379
-0.8416902097,0.5399607308

-0.4383495693,0.7864534097
-0.84312444,0.5377184939

-0.4377158312,0.7855721183
-0.844552697,0.5354724475

-0.4370781911,0.784683047
-0.8459749706,0.5332226074

-0.4364366367,0.7837861788
-0.8473912508,0.5309689897

-0.4357911552,0.7828814964
-0.8488015276,0.5287116102

-0.4351417342,0.7819689825
-0.8502057909,0.5264504849

-0.4344883608,0.7810486194
-0.8516040308,0.52418563

-0.4338310223,0.7801203889
-0.8529962374,0.5219170614

-0.433169706,0.779184273
-0.8543824008,0.5196447952

-0.4325043988,0.7782402531
-0.8557625112,0.5173688475

-0.4318350878,0.7772883104
-0.8571365589,0.5150892344

-0.4311617599,0.7763284261
-0.858504534,0.5128059721

-0.4304844022,0.7753605808
-0.859866427,0.5105190768

-0.4298030012,0.774384755
-0.8612222281,0.5082285646

-0.4291175438,0.7734009288
-0.8625719277,0.5059344518

-0.4284280166,0.7724090823
-0.8639155164,0.5036367546

-0.4277344062,0.771409195
-0.8652529845,0.5013354894

-0.4270366989,0.7704012464
-0.8665843225,0.4990306723

-0.4263348812,0.7693852156
-0.8679095212,0.4967223198

-0.4256289393,0.7683610813
-0.869228571,0.4944104482

-0.4249188594,0.7673288221
-0.8705414627,0.4920950739

-0.4242046277,0.7662884163
-0.8718481868,0.4897762133

-0.42348623,0.7652398419
-0.8731487343,0.4874538828

-0.4227636522,0.7641830764
-0.8744430958,0.4851280988

-0.4220368802,0.7631180974
-0.8757312622,0.4827988779

-0.4213058996,0.7620448818
-0.8770132243,0.4804662365

-0.4205706959,0.7609634065
-0.8782889731,0.4781301912

-0.4198312547,0.7598736479
-0.8795584995,0.4757907585

-0.4190875611,0.7587755823
-0.8808217946,0.473447955

-0.4183396005,0.7576691854
-0.8820788494,0.4711017973

-0.4175873578,0.7565544328
-0.883329655,0.468752302

-0.4168308182,0.7554312998
-0.8845742025,0.4663994858

-0.4160699664,0.7542997612
-0.8858124831,0.4640433653

