0 -8.103362399e-12
500 -8.1033624e-12
1000 -8.1033624e-12
1500 -8.1033624e-12
2000 -8.1033624e-12
2500 -8.1033624e-12
3000 -8.1033624e-12
3500 -8.1033624e-12
4000 -8.1033624e-12
4500 -8.1033624e-12
5000 -8.1033624e-12
5500 -8.1033624e-12
6000 -8.1033624e-12
6500 -8.1033624e-12
7000 -8.1033624e-12
7500 -8.1033624e-12
8000 -8.1033624e-12
8500 -8.1033624e-12
9000 -8.1033624e-12
9500 -8.1033624e-12
10000 -8.1033624e-12
10500 -8.1033624e-12
11000 -8.1033624e-12
11500 -8.1033624e-12
12000 -8.1033624e-12
12500 -8.1033624e-12
13000 -8.1033624e-12
13500 -8.1033624e-12
14000 -8.1033624e-12
14500 -8.1033624e-12
15000 -8.1033624e-12
15500 -8.1033624e-12
16000 -8.1033624e-12
16500 -8.1033624e-12
17000 -8.1033624e-12
17500 -8.1033624e-12
18000 -8.1033624e-12
18500 -8.1033624e-12
19000 -8.1033624e-12
19500 -8.1033624e-12
20000 -8.1033624e-12
20500 -8.1033624e-12
21000 -8.1033624e-12
21500 -8.1033624e-12
22000 -8.1033624e-12
22500 -8.1033624e-12
23000 -8.1033624e-12
23500 -8.1033624e-12
24000 -8.1033624e-12
24500 -8.1033624e-12
25000 -8.1033624e-12
25500 -8.1033624e-12
26000 -8.1033624e-12
26500 -8.1033624e-12
27000 -8.1033624e-12
27500 -8.1033624e-12
28000 -8.1033624e-12
28500 -8.1033624e-12
29000 -8.1033624e-12
29500 -8.1033624e-12
30000 -8.1033624e-12
30500 -8.1033624e-12
31000 -8.1033624e-12
31500 -8.1033624e-12
32000 -8.1033624e-12
32500 -8.1033624e-12
33000 -8.1033624e-12
33500 -8.1033624e-12
34000 -8.1033624e-12
34500 -8.1033624e-12
35000 -8.1033624e-12
35500 -8.1033624e-12
36000 -8.1033624e-12
36500 -8.1033624e-12
37000 -8.1033624e-12
37500 -8.1033624e-12
38000 -8.1033624e-12
38500 -8.1033624e-12
39000 -8.1033624e-12
39500 -8.1033624e-12
40000 -8.1033624e-12
40500 -8.1033624e-12
41000 -8.1033624e-12
41500 -8.1033624e-12
42000 -8.1033624e-12
42500 -8.1033624e-12
43000 -8.1033624e-12
43500 -8.1033624e-12
44000 -8.1033624e-12
44500 -8.1033624e-12
45000 -8.1033624e-12
45500 -8.1033624e-12
46000 -8.1033624e-12
46500 -8.1033624e-12
47000 -8.1033624e-12
47500 -8.1033624e-12
48000 -8.1033624e-12
48500 -8.1033624e-12
49000 -8.1033624e-12
49500 -8.1033624e-12
50000 -8.1033624e-12
50500 -8.1033624e-12
51000 -8.1033624e-12
51500 -8.1033624e-12
52000 -8.1033624e-12
52500 -8.1033624e-12
53000 -8.1033624e-12
53500 -8.1033624e-12
54000 -8.1033624e-12
54500 -8.1033624e-12
55000 -8.1033624e-12
55500 -8.1033624e-12
56000 -8.1033624e-12
56500 -8.1033624e-12
57000 -8.1033624e-12
57500 -8.1033624e-12
58000 -8.1033624e-12
58500 -8.1033624e-12
59000 -8.1033624e-12
59500 -8.1033624e-12
60000 -8.1033624e-12
60500 -8.1033624e-12
61000 -8.1033624e-12
61500 -8.1033624e-12
62000 -8.1033624e-12
62500 -8.1033624e-12
63000 -8.1033624e-12
63500 -8.1033624e-12
64000 -8.1033624e-12
64500 -8.1033624e-12
65000 -8.1033624e-12
65500 -8.1033624e-12
66000 -8.1033624e-12
66500 -8.1033624e-12
67000 -8.1033624e-12
67500 -8.1033624e-12
68000 -8.1033624e-12
68500 -8.1033624e-12
69000 -8.1033624e-12
69500 -8.1033624e-12
70000 -8.1033624e-12
70500 -8.1033624e-12
71000 -8.1033624e-12
71500 -8.1033624e-12
72000 -8.1033624e-12
72500 -8.1033624e-12
73000 -8.1033624e-12
73500 -8.1033624e-12
74000 -8.1033624e-12
74500 -8.1033624e-12
75000 -8.1033624e-12
75500 -8.1033624e-12
76000 -8.1033624e-12
76500 -8.1033624e-12
77000 -8.1033624e-12
77500 -8.1033624e-12
78000 -8.1033624e-12
78500 -8.1033624e-12
79000 -8.1033624e-12
79500 -8.1033624e-12
80000 -8.1033624e-12
80500 -8.1033624e-12
81000 -8.1033624e-12
81500 -8.1033624e-12
82000 -8.1033624e-12
82500 -8.1033624e-12
83000 -8.1033624e-12
83500 -8.1033624e-12
84000 -8.1033624e-12
84500 -8.1033624e-12
85000 -8.1033624e-12
85500 -8.1033624e-12
86000 -8.1033624e-12
86500 -8.1033624e-12
87000 -8.1033624e-12
87500 -8.1033624e-12
88000 -8.1033624e-12
88500 -8.1033624e-12
89000 -8.1033624e-12
89500 -8.1033624e-12
90000 -8.1033624e-12
90500 -8.1033624e-12
91000 -8.1033624e-12
91500 -8.1033624e-12
92000 -8.1033624e-12
92500 -8.1033624e-12
93000 -8.1033624e-12
93500 -8.1033624e-12
94000 -8.1033624e-12
94500 -8.1033624e-12
95000 -8.1033624e-12
95500 -8.1033624e-12
96000 -8.1033624e-12
96500 -8.1033624e-12
97000 -8.1033624e-12
97500 -8.1033624e-12
98000 -8.1033624e-12
98500 -8.1033624e-12
99000 -8.1033624e-12
99500 -8.1033624e-12
100000 -8.1033624e-12
100500 -8.1033624e-12
101000 -8.1033624e-12
101500 -8.1033624e-12
102000 -8.1033624e-12
102500 -8.1033624e-12
103000 -8.1033624e-12
103500 -8.1033624e-12
104000 -8.1033624e-12
104500 -8.1033624e-12
105000 -8.1033624e-12
105500 -8.1033624e-12
106000 -8.1033624e-12
106500 -8.1033624e-12
107000 -8.1033624e-12
107500 -8.1033624e-12
108000 -8.1033624e-12
108500 -8.1033624e-12
109000 -8.1033624e-12
109500 -8.1033624e-12
110000 -8.1033624e-12
110500 -8.1033624e-12
111000 -8.1033624e-12
111500 -8.1033624e-12
112000 -8.1033624e-12
112500 -8.1033624e-12
113000 -8.1033624e-12
113500 -8.1033624e-12
114000 -8.1033624e-12
114500 -8.1033624e-12
115000 -8.1033624e-12
115500 -8.1033624e-12
116000 -8.1033624e-12
116500 -8.1033624e-12
117000 -8.1033624e-12
117500 -8.1033624e-12
118000 -8.1033624e-12
118500 -8.1033624e-12
119000 -8.1033624e-12
119500 -8.1033624e-12
120000 -8.1033624e-12
120500 -8.1033624e-12
121000 -8.1033624e-12
121500 -8.1033624e-12
122000 -8.1033624e-12
122500 -8.1033624e-12
123000 -8.1033624e-12
123500 -8.1033624e-12
124000 -8.1033624e-12
124500 -8.1033624e-12
125000 -8.1033624e-12
125500 -8.1033624e-12
126000 -8.1033624e-12
126500 -8.1033624e-12
127000 -8.1033624e-12
127500 -8.1033624e-12
128000 -8.1033624e-12
128500 -8.1033624e-12
129000 -8.1033624e-12
129500 -8.1033624e-12
130000 -8.1033624e-12
130500 -8.1033624e-12
131000 -8.1033624e-12
131500 -8.1033624e-12
132000 -8.1033624e-12
132500 -8.1033624e-12
133000 -8.1033624e-12
133500 -8.1033624e-12
134000 -8.1033624e-12
134500 -8.1033624e-12
135000 -8.1033624e-12
135500 -8.1033624e-12
136000 -8.1033624e-12
136500 -8.1033624e-12
137000 -8.1033624e-12
137500 -8.1033624e-12
138000 -8.1033624e-12
138500 -8.1033624e-12
139000 -8.1033624e-12
139500 -8.1033624e-12
140000 -8.1033624e-12
140500 -8.1033624e-12
141000 -8.1033624e-12
141500 -8.1033624e-12
142000 -8.1033624e-12
142500 -8.1033624e-12
143000 -8.1033624e-12
143500 -8.1033624e-12
144000 -8.1033624e-12
144500 -8.1033624e-12
145000 -8.1033624e-12
145500 -8.1033624e-12
146000 -8.1033624e-12
146500 -8.1033624e-12
147000 -8.1033624e-12
147500 -8.1033624e-12
148000 -8.1033624e-12
148500 -8.1033624e-12
149000 -8.1033624e-12
149500 -8.1033624e-12
150000 -8.1033624e-12
150500 -8.1033624e-12
151000 -8.1033624e-12
151500 -8.1033624e-12
152000 -8.1033624e-12
152500 -8.1033624e-12
153000 -8.1033624e-12
153500 -8.1033624e-12
154000 -8.1033624e-12
154500 -8.1033624e-12
155000 -8.1033624e-12
155500 -8.1033624e-12
156000 -8.1033624e-12
156500 -8.1033624e-12
157000 -8.1033624e-12
157500 -8.1033624e-12
158000 -8.1033624e-12
158500 -8.1033624e-12
159000 -8.1033624e-12
159500 -8.1033624e-12
160000 -8.1033624e-12
160500 -8.1033624e-12
161000 -8.1033624e-12
161500 -8.1033624e-12
162000 -8.1033624e-12
162500 -8.1033624e-12
163000 -8.1033624e-12
163500 -8.1033624e-12
164000 -8.1033624e-12
164500 -8.1033624e-12
165000 -8.1033624e-12
165500 -8.1033624e-12
166000 -8.1033624e-12
166500 -8.1033624e-12
167000 -8.1033624e-12
167500 -8.1033624e-12
168000 -8.1033624e-12
168500 -8.1033624e-12
169000 -8.1033624e-12
169500 -8.1033624e-12
170000 -8.1033624e-12
170500 -8.1033624e-12
171000 -8.1033624e-12
171500 -8.1033624e-12
172000 -8.1033624e-12
172500 -8.1033624e-12
173000 -8.1033624e-12
173500 -8.1033624e-12
174000 -8.1033624e-12
174500 -8.1033624e-12
175000 -8.1033624e-12
175500 -8.1033624e-12
176000 -8.1033624e-12
176500 -8.1033624e-12
177000 -8.1033624e-12
177500 -8.1033624e-12
178000 -8.1033624e-12
178500 -8.1033624e-12
179000 -8.1033624e-12
179500 -8.1033624e-12
180000 -8.1033624e-12
180500 -8.1033624e-12
181000 -8.1033624e-12
181500 -8.1033624e-12
182000 -8.1033624e-12
182500 -8.1033624e-12
183000 -8.1033624e-12
183500 -8.1033624e-12
184000 -8.1033624e-12
184500 -8.1033624e-12
185000 -8.1033624e-12
185500 -8.1033624e-12
186000 -8.1033624e-12
186500 -8.1033624e-12
187000 -8.1033624e-12
187500 -8.1033624e-12
188000 -8.1033624e-12
188500 -8.1033624e-12
189000 -8.1033624e-12
189500 -8.1033624e-12
190000 -8.1033624e-12
190500 -8.1033624e-12
191000 -8.1033624e-12
191500 -8.1033624e-12
192000 -8.1033624e-12
192500 -8.1033624e-12
193000 -8.1033624e-12
193500 -8.1033624e-12
194000 -8.1033624e-12
194500 -8.1033624e-12
195000 -8.1033624e-12
195500 -8.1033624e-12
196000 -8.1033624e-12
196500 -8.1033624e-12
197000 -8.1033624e-12
197500 -8.1033624e-12
198000 -8.1033624e-12
198500 -8.1033624e-12
199000 -8.1033624e-12
199500 -8.1033624e-12
200000 -8.1033624e-12
200500 -8.1033624e-12
201000 -8.1033624e-12
201500 -8.1033624e-12
202000 -8.1033624e-12
202500 -8.1033624e-12
203000 -8.1033624e-12
203500 -8.1033624e-12
204000 -8.1033624e-12
204500 -8.1033624e-12
205000 -8.1033624e-12
205500 -8.1033624e-12
206000 -8.1033624e-12
206500 -8.1033624e-12
207000 -8.1033624e-12
207500 -8.1033624e-12
208000 -8.1033624e-12
208500 -8.1033624e-12
209000 -8.1033624e-12
209500 -8.1033624e-12
210000 -8.1033624e-12
210500 -8.1033624e-12
211000 -8.1033624e-12
211500 -8.1033624e-12
212000 -8.1033624e-12
212500 -8.1033624e-12
213000 -8.1033624e-12
213500 -8.1033624e-12
214000 -8.1033624e-12
214500 -8.1033624e-12
215000 -8.1033624e-12
215500 -8.1033624e-12
216000 -8.1033624e-12
216500 -8.1033624e-12
217000 -8.1033624e-12
217500 -8.1033624e-12
218000 -8.1033624e-12
218500 -8.1033624e-12
219000 -8.1033624e-12
219500 -8.1033624e-12
220000 -8.1033624e-12
220500 -8.1033624e-12
221000 -8.1033624e-12
221500 -8.1033624e-12
222000 -8.1033624e-12
222500 -8.1033624e-12
223000 -8.1033624e-12
223500 -8.1033624e-12
224000 -8.1033624e-12
224500 -8.1033624e-12
225000 -8.1033624e-12
225500 -8.1033624e-12
226000 -8.1033624e-12
226500 -8.1033624e-12
227000 -8.1033624e-12
227500 -8.1033624e-12
228000 -8.1033624e-12
228500 -8.1033624e-12
229000 -8.1033624e-12
229500 -8.1033624e-12
230000 -8.1033624e-12
230500 -8.1033624e-12
231000 -8.1033624e-12
231500 -8.1033624e-12
232000 -8.1033624e-12
232500 -8.1033624e-12
233000 -8.1033624e-12
233500 -8.1033624e-12
234000 -8.1033624e-12
234500 -8.1033624e-12
235000 -8.1033624e-12
235500 -8.1033624e-12
236000 -8.1033624e-12
236500 -8.1033624e-12
237000 -8.1033624e-12
237500 -8.1033624e-12
238000 -8.1033624e-12
238500 -8.1033624e-12
239000 -8.1033624e-12
239500 -8.1033624e-12
240000 -8.1033624e-12
240500 -8.1033624e-12
241000 -8.1033624e-12
241500 -8.1033624e-12
242000 -8.1033624e-12
242500 -8.1033624e-12
243000 -8.1033624e-12
243500 -8.1033624e-12
244000 -8.1033624e-12
244500 -8.1033624e-12
245000 -8.1033624e-12
245500 -8.1033624e-12
246000 -8.1033624e-12
246500 -8.1033624e-12
247000 -8.1033624e-12
247500 -8.1033624e-12
248000 -8.1033624e-12
248500 -8.1033624e-12
249000 -8.1033624e-12
249500 -8.1033624e-12
250000 -8.1033624e-12
250500 -8.1033624e-12
251000 -8.1033624e-12
251500 -8.1033624e-12
252000 -8.1033624e-12
252500 -8.1033624e-12
253000 -8.1033624e-12
253500 -8.1033624e-12
254000 -8.1033624e-12
254500 -8.1033624e-12
255000 -8.1033624e-12
255500 -8.1033624e-12
256000 -8.1033624e-12
256500 -8.1033624e-12
257000 -8.1033624e-12
257500 -8.1033624e-12
258000 -8.1033624e-12
258500 -8.1033624e-12
259000 -8.1033624e-12
259500 -8.1033624e-12
260000 -8.1033624e-12
260500 -8.1033624e-12
261000 -8.1033624e-12
261500 -8.1033624e-12
262000 -8.1033624e-12
262500 -8.1033624e-12
263000 -8.1033624e-12
263500 -8.1033624e-12
264000 -8.1033624e-12
264500 -8.1033624e-12
265000 -8.1033624e-12
265500 -8.1033624e-12
266000 -8.1033624e-12
266500 -8.1033624e-12
267000 -8.1033624e-12
267500 -8.1033624e-12
268000 -8.1033624e-12
268500 -8.1033624e-12
269000 -8.1033624e-12
269500 -8.1033624e-12
270000 -8.1033624e-12
270500 -8.1033624e-12
271000 -8.1033624e-12
271500 -8.1033624e-12
272000 -8.1033624e-12
272500 -8.1033624e-12
273000 -8.1033624e-12
273500 -8.1033624e-12
274000 -8.1033624e-12
274500 -8.1033624e-12
275000 -8.1033624e-12
275500 -8.1033624e-12
276000 -8.1033624e-12
276500 -8.1033624e-12
277000 -8.1033624e-12
277500 -8.1033624e-12
278000 -8.1033624e-12
278500 -8.1033624e-12
279000 -8.1033624e-12
279500 -8.1033624e-12
280000 -8.1033624e-12
280500 -8.1033624e-12
281000 -8.1033624e-12
281500 -8.1033624e-12
282000 -8.1033624e-12
282500 -8.1033624e-12
283000 -8.1033624e-12
283500 -8.1033624e-12
284000 -8.1033624e-12
284500 -8.1033624e-12
285000 -8.1033624e-12
285500 -8.1033624e-12
286000 -8.1033624e-12
286500 -8.1033624e-12
287000 -8.1033624e-12
287500 -8.1033624e-12
288000 -8.1033624e-12
288500 -8.1033624e-12
289000 -8.1033624e-12
289500 -8.1033624e-12
290000 -8.1033624e-12
290500 -8.1033624e-12
291000 -8.1033624e-12
291500 -8.1033624e-12
292000 -8.1033624e-12
292500 -8.1033624e-12
293000 -8.1033624e-12
293500 -8.1033624e-12
294000 -8.1033624e-12
294500 -8.1033624e-12
295000 -8.1033624e-12
295500 -8.1033624e-12
296000 -8.1033624e-12
296500 -8.1033624e-12
297000 -8.1033624e-12
297500 -8.1033624e-12
298000 -8.1033624e-12
298500 -8.1033624e-12
299000 -8.1033624e-12
299500 -8.1033624e-12
300000 -8.1033624e-12
300500 -8.1033624e-12
301000 -8.1033624e-12
301500 -8.1033624e-12
302000 -8.1033624e-12
302500 -8.1033624e-12
303000 -8.1033624e-12
303500 -8.1033624e-12
304000 -8.1033624e-12
304500 -8.1033624e-12
305000 -8.1033624e-12
305500 -8.1033624e-12
306000 -8.1033624e-12
306500 -8.1033624e-12
307000 -8.1033624e-12
307500 -8.1033624e-12
308000 -8.1033624e-12
308500 -8.1033624e-12
309000 -8.1033624e-12
309500 -8.1033624e-12
310000 -8.1033624e-12
310500 -8.1033624e-12
311000 -8.1033624e-12
311500 -8.1033624e-12
312000 -8.1033624e-12
312500 -8.1033624e-12
313000 -8.1033624e-12
313500 -8.1033624e-12
314000 -8.1033624e-12
314500 -8.1033624e-12
315000 -8.1033624e-12
315500 -8.1033624e-12
316000 -8.1033624e-12
316500 -8.1033624e-12
317000 -8.1033624e-12
317500 -8.1033624e-12
318000 -8.1033624e-12
318500 -8.1033624e-12
319000 -8.1033624e-12
319500 -8.1033624e-12
320000 -8.1033624e-12
320500 -8.1033624e-12
321000 -8.1033624e-12
321500 -8.1033624e-12
322000 -8.1033624e-12
322500 -8.1033624e-12
323000 -8.1033624e-12
323500 -8.1033624e-12
324000 -8.1033624e-12
324500 -8.1033624e-12
325000 -8.1033624e-12
325500 -8.1033624e-12
326000 -8.1033624e-12
326500 -8.1033624e-12
327000 -8.1033624e-12
327500 -8.1033624e-12
328000 -8.1033624e-12
328500 -8.1033624e-12
329000 -8.1033624e-12
329500 -8.1033624e-12
330000 -8.1033624e-12
330500 -8.1033624e-12
331000 -8.1033624e-12
331500 -8.1033624e-12
332000 -8.1033624e-12
332500 -8.1033624e-12
333000 -8.1033624e-12
333500 -8.1033624e-12
334000 -8.1033624e-12
334500 -8.1033624e-12
335000 -8.1033624e-12
335500 -8.1033624e-12
336000 -8.1033624e-12
336500 -8.1033624e-12
337000 -8.1033624e-12
337500 -8.1033624e-12
338000 -8.1033624e-12
338500 -8.1033624e-12
339000 -8.1033624e-12
339500 -8.1033624e-12
340000 -8.1033624e-12
340500 -8.1033624e-12
341000 -8.1033624e-12
341500 -8.1033624e-12
342000 -8.1033624e-12
342500 -8.1033624e-12
343000 -8.1033624e-12
343500 -8.1033624e-12
344000 -8.1033624e-12
344500 -8.1033624e-12
345000 -8.1033624e-12
345500 -8.1033624e-12
346000 -8.1033624e-12
346500 -8.1033624e-12
347000 -8.1033624e-12
347500 -8.1033624e-12
348000 -8.1033624e-12
348500 -8.1033624e-12
349000 -8.1033624e-12
349500 -8.1033624e-12
350000 -8.1033624e-12
350500 -8.1033624e-12
351000 -8.1033624e-12
351500 -8.1033624e-12
352000 -8.1033624e-12
352500 -8.1033624e-12
353000 -8.1033624e-12
353500 -8.1033624e-12
354000 -8.1033624e-12
354500 -8.1033624e-12
355000 -8.1033624e-12
355500 -8.1033624e-12
356000 -8.1033624e-12
356500 -8.1033624e-12
357000 -8.1033624e-12
357500 -8.1033624e-12
358000 -8.1033624e-12
358500 -8.1033624e-12
359000 -8.1033624e-12
359500 -8.1033624e-12
360000 -8.1033624e-12
360500 -8.1033624e-12
361000 -8.1033624e-12
361500 -8.1033624e-12
362000 -8.1033624e-12
362500 -8.1033624e-12
363000 -8.1033624e-12
363500 -8.1033624e-12
364000 -8.1033624e-12
364500 -8.1033624e-12
365000 -8.1033624e-12
365500 -8.1033624e-12
366000 -8.1033624e-12
366500 -8.1033624e-12
367000 -8.1033624e-12
367500 -8.1033624e-12
368000 -8.1033624e-12
368500 -8.1033624e-12
369000 -8.1033624e-12
369500 -8.1033624e-12
370000 -8.1033624e-12
370500 -8.1033624e-12
371000 -8.1033624e-12
371500 -8.1033624e-12
372000 -8.1033624e-12
372500 -8.1033624e-12
373000 -8.1033624e-12
373500 -8.1033624e-12
374000 -8.1033624e-12
374500 -8.1033624e-12
375000 -8.1033624e-12
375500 -8.1033624e-12
376000 -8.1033624e-12
376500 -8.1033624e-12
377000 -8.1033624e-12
377500 -8.1033624e-12
378000 -8.1033624e-12
378500 -8.1033624e-12
379000 -8.1033624e-12
379500 -8.1033624e-12
380000 -8.1033624e-12
380500 -8.1033624e-12
381000 -8.1033624e-12
381500 -8.1033624e-12
382000 -8.1033624e-12
382500 -8.1033624e-12
383000 -8.1033624e-12
383500 -8.1033624e-12
384000 -8.1033624e-12
384500 -8.1033624e-12
385000 -8.1033624e-12
385500 -8.1033624e-12
386000 -8.1033624e-12
386500 -8.1033624e-12
387000 -8.1033624e-12
387500 -8.1033624e-12
388000 -8.1033624e-12
388500 -8.1033624e-12
389000 -8.1033624e-12
389500 -8.1033624e-12
390000 -8.1033624e-12
390500 -8.1033624e-12
391000 -8.1033624e-12
391500 -8.1033624e-12
392000 -8.1033624e-12
392500 -8.1033624e-12
393000 -8.1033624e-12
393500 -8.1033624e-12
394000 -8.1033624e-12
394500 -8.1033624e-12
395000 -8.1033624e-12
395500 -8.1033624e-12
396000 -8.1033624e-12
396500 -8.1033624e-12
397000 -8.1033624e-12
397500 -8.1033624e-12
398000 -8.1033624e-12
398500 -8.1033624e-12
399000 -8.1033624e-12
399500 -8.1033624e-12
400000 -8.1033624e-12
400500 -8.1033624e-12
401000 -8.1033624e-12
401500 -8.1033624e-12
402000 -8.1033624e-12
402500 -8.1033624e-12
403000 -8.1033624e-12
403500 -8.1033624e-12
404000 -8.1033624e-12
404500 -8.1033624e-12
405000 -8.1033624e-12
405500 -8.1033624e-12
406000 -8.1033624e-12
406500 -8.1033624e-12
407000 -8.1033624e-12
407500 -8.1033624e-12
408000 -8.1033624e-12
408500 -8.1033624e-12
409000 -8.1033624e-12
409500 -8.1033624e-12
410000 -8.1033624e-12
410500 -8.1033624e-12
411000 -8.1033624e-12
411500 -8.1033624e-12
412000 -8.1033624e-12
412500 -8.1033624e-12
413000 -8.1033624e-12
413500 -8.1033624e-12
414000 -8.1033624e-12
414500 -8.1033624e-12
415000 -8.1033624e-12
415500 -8.1033624e-12
416000 -8.1033624e-12
416500 -8.1033624e-12
417000 -8.1033624e-12
417500 -8.1033624e-12
418000 -8.1033624e-12
418500 -8.1033624e-12
419000 -8.1033624e-12
419500 -8.1033624e-12
420000 -8.1033624e-12
420500 -8.1033624e-12
421000 -8.1033624e-12
421500 -8.1033624e-12
422000 -8.1033624e-12
422500 -8.1033624e-12
423000 -8.1033624e-12
423500 -8.1033624e-12
424000 -8.1033624e-12
424500 -8.1033624e-12
425000 -8.1033624e-12
425500 -8.1033624e-12
426000 -8.1033624e-12
426500 -8.1033624e-12
427000 -8.1033624e-12
427500 -8.1033624e-12
428000 -8.1033624e-12
428500 -8.1033624e-12
429000 -8.1033624e-12
429500 -8.1033624e-12
430000 -8.1033624e-12
430500 -8.1033624e-12
431000 -8.1033624e-12
431500 -8.1033624e-12
432000 -8.1033624e-12
432500 -8.1033624e-12
433000 -8.1033624e-12
433500 -8.1033624e-12
434000 -8.1033624e-12
434500 -8.1033624e-12
435000 -8.1033624e-12
435500 -8.1033624e-12
436000 -8.1033624e-12
436500 -8.1033624e-12
437000 -8.1033624e-12
437500 -8.1033624e-12
438000 -8.1033624e-12
438500 -8.1033624e-12
439000 -8.1033624e-12
439500 -8.1033624e-12
440000 -8.1033624e-12
440500 -8.1033624e-12
441000 -8.1033624e-12
441500 -8.1033624e-12
442000 -8.1033624e-12
442500 -8.1033624e-12
443000 -8.1033624e-12
443500 -8.1033624e-12
444000 -8.1033624e-12
444500 -8.1033624e-12
445000 -8.1033624e-12
445500 -8.1033624e-12
446000 -8.1033624e-12
446500 -8.1033624e-12
447000 -8.1033624e-12
447500 -8.1033624e-12
448000 -8.1033624e-12
